route_id,service_id,trip_id
1,952,1110862
1,952,400857
10,1015,1510495
10,1051,818780
10,177,1513517
10,224,1525831
10,425,213369
10,464,117903
10,464,120836
10,464,1344521
10,464,1383517
10,464,1384845
10,464,1428164
10,464,1493663
10,464,1522810
10,464,1578735
10,464,1591855
10,464,255759
10,464,38324
10,464,811791
10,515,706538
10,537,64879
10,592,386988
10,60,58498
10,738,705401
10,880,1048835
10,890,1020540
100,1000,69844
100,1027,1565364
100,1054,219327
100,1060,682627
100,1065,413535
100,1066,554842
100,1104,1000241
100,1104,683139
100,1104,747514
100,1119,264295
100,1192,356470
100,1196,240618
100,1203,465216
100,131,560133
100,138,670242
100,150,1394443
100,150,1456186
100,150,1468630
100,150,1581749
100,150,262818
100,150,335359
100,150,670224
100,188,109498
100,19,1347657
100,216,1312919
100,227,1277109
100,249,480123
100,276,1331012
100,276,242726
100,295,46783
100,295,554791
100,295,661614
100,295,889086
100,322,1021927
100,401,630900
100,425,889810
100,522,1336498
100,553,1212189
100,553,1423786
100,553,970674
100,589,710625
100,590,368293
100,61,568199
100,61,844944
100,61,88743
100,614,1082678
100,614,151171
100,614,295301
100,626,760749
100,631,417056
100,631,721902
100,631,858264
100,633,521236
100,633,686803
100,672,570572
100,76,139244
100,76,483135
100,783,17853
100,8,165188
100,800,763589
100,818,1417496
100,819,765580
100,829,1515510
100,830,103060
100,841,1302453
100,841,229425
100,841,388446
100,857,1255764
100,875,1033795
100,875,113764
100,875,222064
100,875,473102
100,908,663936
100,963,1095573
100,972,846853
100,975,138613
100,988,1262751
101,1042,1406612
101,1047,46714
101,1049,1437732
101,112,1465034
101,112,881766
101,154,1207778
101,154,1285659
101,154,335592
101,154,412774
101,154,428333
101,154,480438
101,154,638893
101,16,543278
101,285,241775
101,306,1403090
101,334,1336891
101,4,1523087
101,4,876550
101,61,328591
101,786,1133766
101,825,413487
101,947,1540480
101,978,728814
101,996,220205
101,996,433188
101,996,937750
102,1141,928155
102,1175,832892
102,193,79135
102,232,300097
102,232,428969
102,254,1362686
102,286,935527
102,299,1540081
102,386,471043
102,397,1018282
102,516,1013358
102,530,647549
102,594,1551842
102,594,556093
102,61,1240626
102,61,1384611
102,61,428856
102,751,1467080
102,992,1353552
103,1000,576032
103,1064,401791
103,1081,145128
103,1100,1011193
103,1101,1211493
103,138,1146255
103,138,115359
103,138,1157915
103,138,1293436
103,138,1371848
103,138,1400225
103,138,256086
103,138,328219
103,138,36049
103,138,72805
103,138,789251
103,138,92521
103,138,934445
103,192,1384045
103,192,239587
103,193,1272077
103,193,217462
103,193,553048
103,193,764374
103,193,96743
103,2,334214
103,207,824788
103,249,286438
103,254,671425
103,254,67633
103,254,946202
103,284,1029087
103,284,1132276
103,284,1264914
103,284,1407299
103,284,1459951
103,284,23966
103,284,546795
103,284,58706
103,284,640540
103,284,851577
103,284,927837
103,284,998760
103,32,1200374
103,322,248465
103,371,26174
103,376,1503379
103,401,1090170
103,401,937032
103,535,1069857
103,535,1486628
103,535,383813
103,535,693968
103,537,825861
103,550,1424280
103,605,982012
103,631,562597
103,666,1343730
103,666,1542367
103,666,94452
103,776,171880
103,821,941887
103,834,679761
103,841,412900
103,841,748384
103,841,807460
103,871,1448965
103,91,1007980
104,102,651685
104,1039,1112160
104,1039,1480323
104,1048,1344235
104,1060,1089946
104,1060,1451751
104,1063,364053
104,1063,480545
104,1067,303443
104,1096,605224
104,1106,963905
104,1108,567677
104,1119,412197
104,1129,409472
104,1153,1476339
104,1153,315468
104,1169,984292
104,1185,334815
104,1193,1047841
104,1193,1354973
104,1193,1533624
104,1193,526758
104,1193,54467
104,1193,765676
104,1194,1041850
104,1211,931439
104,1213,526740
104,132,621110
104,132,828357
104,138,809433
104,138,826452
104,138,985857
104,156,1584254
104,156,632263
104,23,1566733
104,236,357854
104,242,375250
104,249,1195545
104,249,40328
104,255,1317346
104,267,47905
104,304,22860
104,304,99497
104,311,1328568
104,311,1379704
104,311,1588210
104,311,954354
104,312,1540988
104,332,582222
104,37,1248484
104,376,781817
104,443,1542849
104,450,1270133
104,459,703692
104,464,1219636
104,464,921013
104,489,1301605
104,523,219423
104,533,1476162
104,553,874288
104,59,233512
104,594,295444
104,626,1455091
104,633,597898
104,696,1009229
104,72,1049339
104,723,1252945
104,745,791420
104,751,808583
104,784,260825
104,793,1575901
104,826,1315270
104,826,1380322
104,826,646807
104,826,86876
104,839,979730
104,885,302845
104,885,562283
104,930,651590
104,934,1142291
104,94,1070326
104,951,162115
104,951,903710
104,956,93027
104,963,657512
104,967,1551252
104,98,1590753
104,985,697501
105,1005,1004486
105,1030,334577
105,1055,458462
105,1060,972011
105,1074,528074
105,1153,269831
105,1204,924705
105,131,835371
105,138,155191
105,161,759336
105,193,9392
105,275,1526457
105,307,33156
105,307,418597
105,319,641561
105,347,1000352
105,370,739104
105,376,106218
105,418,211614
105,422,1331652
105,439,31923
105,49,197704
105,497,929620
105,523,1107052
105,55,1212678
105,777,690913
105,835,277400
105,835,346702
105,908,356718
105,908,557038
105,94,504705
105,945,327268
105,98,377069
106,1060,1278006
106,1060,792256
106,1124,459566
106,1124,796121
106,132,1104042
106,457,232426
106,631,511691
106,741,1063026
106,741,635025
106,82,848979
106,841,908393
106,873,868035
11,1037,1544080
11,104,407121
11,1043,885631
11,1082,1164774
11,1108,1283667
11,1130,410155
11,13,1555058
11,156,376887
11,30,605438
11,327,892122
11,520,1062830
11,567,843139
11,628,1170758
11,75,1006464
11,816,1375871
11,83,575467
11,905,776248
12,104,156022
12,1185,1356804
12,1185,1471734
12,1185,650830
12,1185,823213
12,156,1161777
12,156,665115
12,171,362570
12,249,169628
12,249,898858
12,281,1263901
12,318,832528
12,322,735218
12,425,639476
12,464,1046736
12,464,1138858
12,464,1173632
12,464,1368612
12,464,1397713
12,464,1401862
12,49,1590865
12,500,1390019
12,553,714456
12,564,774551
12,646,577068
12,687,1232567
12,715,1353351
12,724,370470
12,733,596361
12,924,1368502
12,924,15862
12,924,804146
12,94,575949
12,963,1304013
13,1103,400743
13,1107,228096
13,1124,1350175
13,1185,1511219
13,1193,820276
13,154,687319
13,156,1465563
13,170,1465981
13,170,214874
13,249,274733
13,30,509781
13,306,347031
13,322,259789
13,356,6937
13,400,1513546
13,427,1142698
13,583,1238462
13,607,1368967
13,617,1176474
13,626,968479
13,72,259381
13,745,1143301
13,847,1008730
13,847,308730
13,855,234372
14,1026,1298839
14,1026,1388498
14,1060,172953
14,1060,2440
14,1060,637644
14,1153,378524
14,1153,746671
14,1166,523825
14,1185,928158
14,1192,736186
14,1203,137475
14,154,1157353
14,154,1255091
14,154,1348344
14,154,1497730
14,154,1532981
14,154,175521
14,154,253832
14,154,509772
14,154,723613
14,154,839783
14,154,876330
14,154,920293
14,16,587856
14,170,787679
14,191,579855
14,232,445021
14,242,24998
14,254,137451
14,255,426268
14,255,986362
14,263,807825
14,271,1006143
14,271,1163813
14,271,1177620
14,271,1534668
14,271,1538323
14,271,185619
14,271,201362
14,271,27360
14,271,861247
14,310,299304
14,322,454395
14,334,605260
14,334,656324
14,334,773251
14,334,911431
14,340,1197577
14,340,375434
14,340,505350
14,340,834316
14,425,967762
14,441,1504810
14,444,175108
14,467,637152
14,49,469737
14,49,814602
14,49,995433
14,514,297415
14,553,75404
14,554,1385126
14,617,102363
14,617,662843
14,657,891162
14,666,699133
14,666,765761
14,715,116383
14,715,713847
14,741,26375
14,811,1423881
14,821,984310
14,843,1002210
14,847,1228700
14,847,1288345
14,847,1391915
14,847,1573293
14,847,167384
14,847,296092
14,847,563395
14,87,1050525
14,887,1126752
14,887,1150352
14,887,1184490
14,887,1227518
14,887,844889
14,908,34999
14,94,136179
14,94,1433004
14,94,1441035
14,94,1533849
14,94,228741
14,94,390771
14,94,403394
14,94,421988
14,94,442359
14,94,471506
14,947,868462
14,963,555161
14,996,1266504
14,996,39680
14,996,465250
14,996,76858
14,996,921206
15,1093,1100324
15,1093,1107956
15,1093,1134507
15,1093,1262640
15,1093,325393
15,1099,843240
15,116,118629
15,116,871968
15,116,924906
15,116,995069
15,1192,1214338
15,1192,672196
15,154,1165801
15,154,118449
15,154,1289843
15,154,1323972
15,154,1500930
15,154,1543338
15,154,347799
15,154,360668
15,154,434009
15,154,463687
15,154,50391
15,154,50718
15,154,914824
15,154,955063
15,154,964886
15,261,669598
15,383,684125
15,425,1198
15,45,1383171
15,491,374566
15,498,1207833
15,498,406563
15,498,81273
15,567,1275314
15,567,1458649
15,567,1510488
15,567,16602
15,567,174541
15,567,293410
15,567,42467
15,567,552426
15,567,729687
15,60,644699
15,625,87418
15,67,1083958
15,67,1218658
15,67,1252207
15,67,142511
15,67,429662
15,67,541509
15,67,547652
15,67,766285
15,67,925829
15,678,1556213
15,744,301514
15,952,205427
16,1096,1018452
16,1096,131288
16,1096,206377
16,1096,314239
16,1096,523822
16,1096,58708
16,1096,619059
16,1185,1325837
16,307,846210
16,307,931028
16,338,1245262
16,476,1157867
16,658,1131201
16,695,1090561
16,695,1099647
16,695,1243301
16,695,1361877
16,695,1523279
16,695,691922
16,695,99949
16,698,1124334
16,698,1183489
16,698,1568914
16,698,244262
16,698,250477
16,698,529451
16,698,996342
16,74,98032
16,901,1128577
17,10,986374
17,1043,1046806
17,1060,1207653
17,1060,180956
17,1060,22496
17,1090,224193
17,111,1095193
17,111,695464
17,111,977388
17,1141,1324397
17,1179,1455692
17,1179,180205
17,1184,695053
17,1185,160034
17,1185,758277
17,1188,1223162
17,1192,428411
17,1192,667526
17,1197,725607
17,1203,1073914
17,1203,1542227
17,1203,469786
17,131,231079
17,132,962322
17,136,723886
17,138,1414594
17,163,307412
17,165,1230611
17,165,1476851
17,165,1588048
17,165,647339
17,165,800692
17,165,904956
17,165,974422
17,173,1329523
17,173,709668
17,178,1339307
17,232,1156601
17,232,272241
17,232,444346
17,232,720003
17,240,447343
17,241,138667
17,242,821237
17,249,1291367
17,254,1016174
17,254,165746
17,254,283842
17,254,458551
17,254,549158
17,254,809760
17,255,818242
17,26,957423
17,268,1314076
17,284,602634
17,307,1010012
17,307,1083173
17,307,1102903
17,307,1397310
17,307,146051
17,307,201656
17,307,243734
17,307,494145
17,307,630025
17,307,6327
17,307,672896
17,307,725641
17,307,912676
17,315,314187
17,322,1221204
17,322,1381142
17,322,775821
17,334,1227048
17,334,1239173
17,334,1587188
17,334,369336
17,376,1147531
17,376,708124
17,397,1298694
17,397,552153
17,397,919553
17,419,17973
17,419,308872
17,419,332150
17,419,516284
17,419,950373
17,423,691947
17,423,878347
17,480,1219312
17,49,114046
17,49,1181672
17,49,1243068
17,49,1372053
17,49,1424558
17,49,1544662
17,49,1567726
17,49,190483
17,49,242216
17,49,452337
17,49,56849
17,49,817575
17,49,929006
17,49,968777
17,541,1440437
17,566,1027095
17,566,1201008
17,566,1215852
17,566,356524
17,566,734131
17,566,942459
17,566,962567
17,577,571281
17,579,1206890
17,579,191531
17,594,1484045
17,594,269646
17,594,328934
17,594,360669
17,594,361056
17,594,368710
17,594,724528
17,594,730646
17,594,772093
17,594,926820
17,61,269241
17,61,327384
17,61,476908
17,61,490111
17,61,695391
17,61,748877
17,617,616289
17,617,821779
17,625,633602
17,626,1215832
17,633,1518702
17,644,1206677
17,65,1484804
17,672,967997
17,682,1116641
17,682,1156949
17,682,1394044
17,682,1443349
17,682,1570939
17,682,1590949
17,682,169685
17,682,359325
17,682,490590
17,682,566579
17,700,1399808
17,717,400950
17,717,84666
17,734,27016
17,734,494594
17,751,1084496
17,802,1385043
17,802,61711
17,804,1292287
17,838,757371
17,852,1287050
17,852,339997
17,852,900775
17,908,549331
17,911,1326742
17,914,887837
17,94,1277312
17,963,1329447
17,963,1457906
17,963,1550842
17,963,362117
17,963,684432
17,97,161360
18,1001,371436
18,1019,1159195
18,1019,248405
18,104,318332
18,1043,1051578
18,1043,1192215
18,1057,224172
18,1057,340469
18,1057,497819
18,1057,505332
18,1057,715481
18,1060,1091181
18,1060,129739
18,1060,1463371
18,1060,1547179
18,1060,267734
18,1060,382793
18,1060,519665
18,1060,764925
18,1060,775853
18,1060,984070
18,1066,315327
18,1066,648296
18,1067,1191806
18,1067,1393354
18,1067,1491782
18,1067,153224
18,1067,196163
18,1067,694947
18,1067,833132
18,1067,916489
18,1067,952717
18,1070,1140884
18,1070,578780
18,1073,665996
18,1077,1040389
18,1077,1322141
18,1087,103223
18,1087,1162615
18,1087,507334
18,1087,728043
18,1087,946743
18,1089,979448
18,11,293273
18,1102,723615
18,1108,2232
18,1112,1542098
18,1119,1297006
18,1122,805773
18,1125,302281
18,1129,1125181
18,1129,31227
18,1129,816029
18,1141,1263817
18,1141,410000
18,115,1228607
18,115,349936
18,1152,152207
18,1153,20377
18,1153,531633
18,1153,633008
18,1153,768880
18,1188,638648
18,1192,303966
18,1192,485139
18,1193,1509817
18,1193,1548399
18,1193,338133
18,1193,466253
18,1195,1176943
18,1203,1322724
18,1214,153822
18,1217,412894
18,130,1231579
18,131,1430051
18,131,463619
18,132,154244
18,132,171102
18,132,220463
18,132,48447
18,132,623911
18,132,63191
18,132,746503
18,132,757022
18,135,1543246
18,138,238321
18,138,600452
18,138,666211
18,138,905149
18,150,1036500
18,150,1119235
18,150,1331661
18,150,177394
18,150,178058
18,150,376231
18,154,1087686
18,154,1424649
18,154,1488419
18,154,224417
18,154,466668
18,154,517806
18,154,625384
18,154,702292
18,154,717046
18,154,728237
18,154,849469
18,156,1426192
18,156,3360
18,156,717072
18,164,846746
18,164,978474
18,164,97964
18,172,1422341
18,191,1096169
18,191,1145668
18,191,146839
18,191,262792
18,191,586365
18,191,622618
18,193,1141833
18,193,329605
18,200,1190991
18,218,10570
18,218,1066322
18,218,1066809
18,218,1124384
18,218,1162977
18,218,1517311
18,218,1557222
18,218,179261
18,218,214595
18,218,277506
18,218,413467
18,218,471041
18,218,491890
18,218,562138
18,218,606138
18,218,607629
18,218,763809
18,218,841005
18,223,486843
18,233,1480595
18,238,1172818
18,238,1174988
18,238,919674
18,244,1056325
18,244,558067
18,248,769262
18,249,1235963
18,249,1279497
18,249,1464880
18,249,387497
18,249,588976
18,249,680758
18,249,737975
18,249,84984
18,249,894610
18,254,1041809
18,254,1138263
18,254,150606
18,254,1589678
18,254,18024
18,254,197525
18,254,291619
18,254,499551
18,254,536396
18,254,589769
18,254,597541
18,254,622692
18,254,722437
18,254,786231
18,254,801077
18,254,837657
18,254,867308
18,254,911300
18,254,92519
18,254,960407
18,255,1591337
18,255,190800
18,255,694698
18,270,129778
18,270,1573955
18,270,157638
18,270,965946
18,283,1157630
18,283,1207718
18,283,1475008
18,283,1557814
18,283,234430
18,286,978192
18,296,1030372
18,3,1448949
18,3,935393
18,307,105046
18,307,12086
18,309,1105043
18,320,1483866
18,322,108629
18,322,1182302
18,322,1200825
18,322,134267
18,322,135964
18,322,1396476
18,322,1438708
18,322,1466237
18,322,1467506
18,322,1524801
18,322,1546633
18,322,188152
18,322,31032
18,322,312501
18,322,321237
18,322,355999
18,322,446792
18,322,496176
18,322,619550
18,322,630089
18,322,651205
18,322,713577
18,322,826501
18,322,836448
18,322,838306
18,322,843599
18,322,843915
18,322,861947
18,322,886197
18,322,970473
18,322,985610
18,335,1513495
18,342,1515812
18,348,205384
18,351,1222669
18,355,1535101
18,356,1178431
18,356,707423
18,358,1021726
18,358,1084042
18,358,1183769
18,358,1357583
18,358,1467550
18,37,385408
18,373,2174
18,376,133018
18,376,682336
18,376,693779
18,376,956803
18,399,417605
18,407,1473832
18,411,1377200
18,412,456479
18,417,1152815
18,422,1398471
18,422,328831
18,422,706191
18,422,768559
18,422,989067
18,425,347738
18,425,537195
18,425,717798
18,432,1506681
18,433,631055
18,48,1059955
18,48,1396609
18,484,496194
18,485,1121568
18,49,1365473
18,49,1396687
18,49,141394
18,49,153340
18,49,1547506
18,49,29826
18,49,331525
18,49,542261
18,49,718677
18,50,1411817
18,50,1447748
18,50,742001
18,50,791265
18,503,68700
18,509,1194855
18,513,1504043
18,525,85481
18,528,1168273
18,528,622559
18,540,1301918
18,540,1535896
18,540,1538076
18,553,1025447
18,553,1098152
18,553,1204855
18,553,1207790
18,553,1323554
18,553,143462
18,553,1443272
18,553,1528673
18,553,222955
18,553,224078
18,553,256544
18,553,260445
18,553,357817
18,553,526997
18,553,809879
18,553,827538
18,553,922455
18,573,193816
18,578,1353723
18,594,1036396
18,594,1051701
18,594,118394
18,594,1302375
18,594,232925
18,594,312185
18,594,408985
18,594,50120
18,594,540626
18,596,638571
18,608,331781
18,608,779312
18,616,1385887
18,616,783831
18,617,484183
18,617,562238
18,620,769798
18,625,251265
18,625,516544
18,626,126364
18,626,1323986
18,626,221911
18,626,521157
18,626,554166
18,626,84419
18,626,940623
18,633,1067975
18,633,150670
18,633,254849
18,633,334941
18,633,555774
18,633,850909
18,633,889924
18,645,243187
18,65,1365389
18,666,1402197
18,666,1428766
18,666,1572668
18,666,926081
18,668,1048802
18,668,1384120
18,668,606375
18,668,78572
18,685,1071430
18,685,1433134
18,685,643814
18,685,751545
18,685,778249
18,7,614161
18,7,72449
18,715,1213490
18,715,1221717
18,715,1249847
18,715,1272413
18,715,1300274
18,715,1559270
18,715,182008
18,718,927332
18,728,1173322
18,728,434072
18,733,127898
18,733,1359029
18,733,1360221
18,733,1471171
18,734,1296891
18,734,1465338
18,734,354385
18,734,599746
18,743,788684
18,75,687939
18,751,731010
18,751,868320
18,760,1246595
18,760,1485426
18,809,1029761
18,809,1063435
18,809,1197710
18,809,1429805
18,809,1555730
18,809,680706
18,809,924004
18,828,1165890
18,834,328479
18,834,387896
18,838,1042674
18,838,1261702
18,838,261459
18,848,1273575
18,848,1517390
18,848,369303
18,848,382195
18,848,475427
18,862,1394659
18,882,474333
18,885,149437
18,887,1155417
18,887,1166690
18,887,1189040
18,887,1261093
18,887,1546651
18,887,1562926
18,887,157765
18,887,254026
18,887,415997
18,887,659420
18,887,682032
18,887,699652
18,896,1119361
18,908,1235417
18,908,890037
18,91,125662
18,917,1132881
18,917,1200989
18,917,1404536
18,917,1420388
18,917,1476310
18,917,548956
18,917,627129
18,925,1177675
18,925,823966
18,925,879106
18,94,1018175
18,94,1046176
18,94,1259635
18,94,497301
18,94,889706
18,94,910536
18,941,1299784
18,941,1354764
18,941,1574045
18,959,1510032
18,961,1278190
18,961,874069
18,962,1138486
18,962,487284
18,962,780156
18,963,105814
18,963,1143956
18,963,155731
18,963,206666
18,963,342293
18,963,354938
18,963,626984
18,963,87736
18,963,931627
18,965,481841
18,966,18584
18,98,1108076
18,999,658632
19,1019,342034
19,1019,75493
19,104,1146125
19,104,1229473
19,1043,1051686
19,1060,1170612
19,1060,1580521
19,1060,173052
19,1060,325426
19,1060,610044
19,1060,681464
19,1070,1364011
19,1077,105041
19,1077,1379614
19,1078,1566216
19,109,207694
19,1105,410206
19,1105,846351
19,1153,1185534
19,1153,180160
19,1156,641077
19,1164,963237
19,1168,1372188
19,1168,941669
19,1184,363269
19,1184,418819
19,1185,869746
19,1189,842730
19,1192,1427454
19,1192,1498209
19,1192,152073
19,1192,429187
19,1192,979107
19,1193,103194
19,1193,1288070
19,1193,1383117
19,1193,1499954
19,1193,1509989
19,1193,1530587
19,1193,159363
19,1193,202993
19,1193,224217
19,1193,378376
19,1193,482796
19,1193,637658
19,1193,682616
19,1193,761974
19,1193,853891
19,1200,181432
19,1203,1068726
19,1203,1196840
19,1203,535017
19,1203,651998
19,1203,878067
19,131,1373111
19,131,1582953
19,131,292475
19,131,653659
19,131,874672
19,132,1466337
19,132,385028
19,132,492765
19,132,597953
19,132,688452
19,132,757597
19,132,861961
19,133,133038
19,138,1365489
19,138,255597
19,138,287310
19,138,347560
19,138,533363
19,138,556684
19,138,748215
19,138,748480
19,138,768100
19,138,837585
19,138,933465
19,138,939132
19,150,249844
19,150,86799
19,156,1345113
19,156,419471
19,156,711672
19,168,1149066
19,168,1224691
19,168,288866
19,168,313981
19,168,540775
19,168,605355
19,191,517334
19,191,585425
19,191,687999
19,191,784419
19,191,8395
19,193,1079990
19,193,1195162
19,201,122742
19,202,44411
19,205,422335
19,208,482551
19,218,543129
19,218,798113
19,232,1108191
19,232,1429164
19,232,90071
19,24,1208901
19,249,1009750
19,249,1259945
19,249,1417598
19,249,1470419
19,249,232935
19,249,539140
19,249,658970
19,254,1199333
19,254,1403976
19,254,3420
19,254,985831
19,255,1195915
19,255,1231101
19,255,1262878
19,265,1209150
19,289,17412
19,293,315986
19,293,656476
19,293,979791
19,307,297827
19,321,1202999
19,322,1039669
19,322,11700
19,322,1433153
19,322,348581
19,322,476930
19,322,582792
19,322,877104
19,322,994094
19,327,790568
19,335,1545062
19,339,1523496
19,339,388702
19,34,1502095
19,356,433530
19,356,665089
19,356,76333
19,356,819809
19,358,1379666
19,363,1156830
19,363,725609
19,376,1021294
19,376,1050441
19,376,1102434
19,376,115620
19,376,124488
19,376,1271959
19,376,149212
19,376,1547491
19,376,1572073
19,376,243190
19,376,340436
19,376,65724
19,376,790071
19,376,883446
19,376,954357
19,397,1445740
19,397,294213
19,397,443631
19,397,814633
19,40,956825
19,406,1160640
19,407,1233628
19,407,161858
19,407,317590
19,407,463336
19,414,54433
19,422,1566861
19,422,559678
19,422,65236
19,422,892403
19,422,956863
19,425,119219
19,425,260268
19,425,387186
19,425,897198
19,432,233745
19,436,1185851
19,454,84027
19,486,1102632
19,49,1009293
19,49,1035541
19,49,1046660
19,49,111358
19,49,1179126
19,49,1271556
19,49,134399
19,49,1345727
19,49,1477867
19,49,1495004
19,49,1541187
19,49,157916
19,49,179473
19,49,201576
19,49,214464
19,49,310271
19,49,388705
19,49,396066
19,49,405488
19,49,431530
19,49,466363
19,49,526980
19,49,573960
19,49,820202
19,49,97417
19,5,1180213
19,5,1195782
19,5,1299630
19,5,1471080
19,5,17748
19,5,205576
19,5,34704
19,50,902360
19,513,1031088
19,538,422756
19,54,1335030
19,548,167109
19,551,277524
19,553,1256313
19,553,1380440
19,553,181713
19,553,25555
19,553,296326
19,553,318222
19,553,4406
19,553,643325
19,553,692362
19,553,706771
19,575,1038907
19,584,734451
19,591,1357534
19,594,102464
19,594,1312561
19,594,1360385
19,594,145805
19,594,278059
19,594,575478
19,594,625410
19,594,907634
19,607,1090852
19,607,1569383
19,607,23833
19,607,369561
19,607,404876
19,607,506691
19,62,1060609
19,62,1558329
19,62,89725
19,625,1105402
19,625,1498120
19,629,1371317
19,633,114517
19,633,1429309
19,633,350471
19,633,376442
19,633,525224
19,633,933067
19,634,1111255
19,65,1028300
19,65,1122994
19,65,1176850
19,65,288570
19,65,303164
19,65,335717
19,65,377346
19,65,504927
19,65,632332
19,664,811048
19,668,1014977
19,668,1553247
19,668,455703
19,668,682004
19,670,1001476
19,670,123851
19,674,1581777
19,674,161524
19,674,614140
19,682,1187329
19,682,1557776
19,682,68762
19,696,815128
19,710,560436
19,713,55389
19,715,1042204
19,715,350950
19,715,657958
19,715,812597
19,727,1139134
19,727,1270049
19,727,306881
19,733,1470905
19,733,1589831
19,733,279284
19,733,542364
19,733,56729
19,733,895928
19,733,960546
19,734,16721
19,746,850288
19,747,1189637
19,751,1343981
19,772,584704
19,79,971093
19,801,1403402
19,815,1383063
19,820,1366999
19,822,238923
19,834,114153
19,834,493990
19,845,567907
19,849,1372231
19,887,1117972
19,894,1207366
19,898,33546
19,908,1221880
19,908,1398238
19,908,166985
19,908,370587
19,908,655878
19,908,906008
19,912,1040742
19,919,915444
19,939,1450786
19,94,124793
19,94,1375348
19,94,140835
19,94,1439661
19,94,294613
19,94,66435
19,94,900349
19,941,1022856
19,941,562465
19,941,687176
19,943,506765
19,955,1363780
19,957,1273557
19,957,14587
19,957,397025
19,960,1497343
19,963,1010530
19,963,1350276
19,963,215107
19,963,433884
19,964,884626
19,984,1167902
19,984,131268
19,996,1149146
19,998,692783
19,998,856460
2,1060,1085012
2,1060,1099992
2,1060,1168137
2,1060,300766
2,180,1249044
2,180,1278692
2,180,445400
2,180,735767
20,1054,1208030
20,1054,1560026
20,1060,13198
20,1060,1331853
20,1060,1371196
20,1060,200293
20,1060,959250
20,1092,1037854
20,1092,1161202
20,1092,137109
20,1092,1431435
20,1092,326140
20,1092,53396
20,1092,605102
20,1092,682483
20,1092,817746
20,1092,870253
20,1094,1405026
20,1124,218972
20,1184,1002911
20,180,1458069
20,180,692903
20,254,1058702
20,254,1128056
20,254,783677
20,271,903398
20,372,871915
20,403,1397862
20,457,35536
20,464,1114002
20,464,1225464
20,464,1314360
20,464,155454
20,464,457500
20,464,481368
20,464,546923
20,464,58917
20,464,669326
20,464,778453
20,464,841123
20,464,923748
20,514,931827
20,551,320915
20,556,802463
20,61,821988
20,626,1254528
20,626,1554674
20,626,676082
20,642,1591661
20,653,334391
20,653,748087
20,666,860933
20,739,322113
20,808,1011510
20,808,1068142
20,821,409585
20,821,490318
20,821,657480
20,821,992897
20,826,1079648
20,826,1163719
20,826,1311054
20,826,1400516
20,826,243030
20,826,593668
20,826,759737
20,826,773081
20,826,819174
20,834,421640
20,952,1172851
20,952,488913
20,952,651309
20,952,919039
20,996,1324081
21,1088,639174
21,1130,1045808
21,286,756380
21,306,1302733
21,517,42440
21,970,1017789
22,1066,662784
22,1093,1111526
22,154,158948
22,154,582955
22,317,34665
22,393,907647
22,61,1058383
22,846,1445466
22,952,243017
23,1014,611547
23,1091,1072514
23,1091,179170
23,1108,1004963
23,111,1051475
23,111,1253265
23,1184,657516
23,138,545856
23,191,1153594
23,191,1509220
23,218,3586
23,240,1204736
23,278,1116250
23,302,1066378
23,326,501058
23,37,1253612
23,553,1243798
23,591,319286
23,602,457363
23,668,1028813
23,668,304225
23,885,1472412
23,94,690605
23,94,78535
23,971,9331
23,973,1541650
23,989,526832
24,1012,752615
24,1019,985439
24,1043,1049060
24,1043,1257368
24,1043,164876
24,1043,347333
24,1043,43074
24,1043,594687
24,1043,653913
24,1043,989573
24,1055,1197207
24,1055,1202605
24,1055,1303747
24,1055,1438993
24,1055,1442761
24,1055,1465567
24,1055,1524500
24,1055,1528487
24,1055,1591108
24,1055,193902
24,1055,284530
24,1055,294855
24,1055,315332
24,1055,343451
24,1055,381886
24,1055,409566
24,1055,423072
24,1055,668619
24,1055,677082
24,1055,925565
24,1055,980199
24,1060,1079278
24,1060,1301341
24,1060,344932
24,1060,409643
24,1066,1203317
24,1076,546061
24,1087,165595
24,1120,1032027
24,1128,983749
24,1143,1160281
24,1143,320748
24,1143,543502
24,1148,1121191
24,1153,1140934
24,1153,1470716
24,1153,336566
24,1153,494630
24,1153,670076
24,1153,682956
24,1162,1150965
24,1165,1573815
24,1166,356873
24,1170,1142842
24,1192,1226104
24,1192,257174
24,1192,962509
24,1193,1009028
24,1193,1054674
24,1193,110441
24,1193,1154097
24,1193,1178690
24,1193,1179779
24,1193,1513224
24,1193,1548586
24,1193,156100
24,1193,196769
24,1193,236037
24,1193,324768
24,1193,354492
24,1193,376320
24,1193,518459
24,1193,531319
24,1193,623432
24,1193,700048
24,1193,768983
24,1193,952628
24,1203,201309
24,1203,239997
24,1203,719385
24,1223,1341625
24,128,230686
24,129,1233051
24,129,1323390
24,129,1508407
24,129,486208
24,131,1294129
24,131,1298453
24,131,377890
24,131,762321
24,132,1145491
24,132,382926
24,132,519397
24,132,640299
24,132,767308
24,138,1035256
24,138,1046552
24,138,1514226
24,138,357692
24,138,518816
24,138,656988
24,138,69830
24,138,70537
24,138,741547
24,138,773275
24,138,811533
24,138,973156
24,150,1014416
24,156,135510
24,156,1519428
24,156,1523334
24,156,548709
24,156,974325
24,157,868380
24,191,454657
24,232,1085001
24,238,1013631
24,238,1080947
24,238,1123448
24,238,1197740
24,238,1285073
24,238,1591038
24,238,728985
24,238,907794
24,239,1576534
24,249,1191080
24,249,1205471
24,249,1297803
24,249,192361
24,249,252375
24,249,623108
24,249,643053
24,249,643402
24,249,738439
24,249,883030
24,249,91092
24,249,980359
24,254,1375497
24,255,1018890
24,255,1064211
24,255,1092291
24,255,1471287
24,255,195855
24,255,224447
24,255,461212
24,255,558143
24,255,614102
24,256,1027883
24,264,1471242
24,294,1201613
24,300,462723
24,307,1127010
24,322,1003147
24,322,106952
24,322,137728
24,322,1393289
24,322,226534
24,322,243114
24,322,268935
24,322,405418
24,322,445910
24,322,44663
24,322,459185
24,322,829709
24,322,905881
24,328,544811
24,341,1417971
24,345,1277334
24,345,882665
24,368,870070
24,376,118314
24,376,1329933
24,376,1400926
24,376,1443490
24,376,1523500
24,376,1552723
24,376,639578
24,377,968953
24,380,787803
24,397,520631
24,397,652207
24,397,95120
24,40,985484
24,408,28160
24,416,737304
24,420,248451
24,420,641449
24,421,614380
24,422,190805
24,425,1021645
24,425,1084831
24,425,841101
24,430,93343
24,455,1016524
24,455,114079
24,455,1192697
24,455,136704
24,455,1499713
24,455,174107
24,455,303274
24,455,438067
24,481,1064912
24,481,1069092
24,481,1170743
24,481,1536971
24,481,1547399
24,481,219183
24,481,476881
24,481,617660
24,481,679052
24,481,82951
24,481,843664
24,481,856521
24,481,911318
24,481,99770
24,49,1013557
24,49,1051343
24,49,3102
24,49,975134
24,510,886890
24,545,307289
24,553,1024817
24,553,1415022
24,553,263078
24,553,620932
24,553,883580
24,570,476773
24,572,1542981
24,594,1170096
24,594,1255789
24,594,1432064
24,594,67861
24,594,720777
24,603,698583
24,62,1162757
24,62,440865
24,625,1017990
24,625,1209447
24,625,1520369
24,625,1571287
24,625,204644
24,625,332481
24,625,676044
24,625,830244
24,625,981755
24,626,1088285
24,626,1116446
24,626,1120927
24,626,1380868
24,626,416422
24,626,483846
24,626,798952
24,633,1387654
24,633,27492
24,633,508587
24,649,1497635
24,649,257854
24,666,123935
24,666,352338
24,666,657626
24,666,742076
24,666,75960
24,666,908346
24,681,1079632
24,686,1049623
24,704,1250668
24,704,1506566
24,715,1062686
24,715,1079840
24,715,666344
24,715,937005
24,716,1201501
24,732,1109910
24,733,1311983
24,733,638317
24,733,820036
24,734,1192992
24,734,300510
24,75,1268507
24,75,841709
24,750,457297
24,773,576418
24,781,1422792
24,781,403801
24,788,1551563
24,788,542567
24,799,414598
24,812,1117735
24,812,1470232
24,812,350314
24,832,1023112
24,832,1071695
24,832,1177388
24,832,1210776
24,832,1551199
24,832,386819
24,832,488433
24,832,54323
24,832,61224
24,832,61465
24,832,956501
24,832,97028
24,834,1392202
24,834,1477240
24,834,1569154
24,834,365681
24,848,1465262
24,848,558282
24,854,61015
24,867,10221
24,867,1349446
24,874,572585
24,897,1304342
24,908,1047734
24,908,1208746
24,908,1282899
24,908,128621
24,908,564097
24,908,81158
24,918,836059
24,918,8764
24,94,1081360
24,94,1438891
24,94,658265
24,94,716923
24,941,1318961
24,941,1378476
24,941,1483013
24,941,159833
24,941,819985
24,945,1264503
24,945,154436
24,953,1161078
24,963,1094930
24,963,1537224
24,963,387874
24,963,537912
24,963,614613
24,963,649774
24,963,700728
24,97,1031402
24,97,309111
24,97,317819
24,97,908414
25,1000,1447669
25,1027,1564377
25,105,279432
25,1059,1281011
25,1060,1327310
25,1060,454279
25,1060,621424
25,1060,716386
25,1066,1065352
25,1115,934895
25,1184,1398818
25,1184,750397
25,1185,276900
25,1193,1178874
25,1193,1512373
25,1193,328914
25,1193,329587
25,1193,473303
25,1193,745557
25,1193,783716
25,1203,609986
25,1210,1038946
25,191,666838
25,232,87177
25,249,1185823
25,251,1488374
25,255,1003163
25,316,1090881
25,322,1108821
25,322,1180275
25,322,121739
25,322,278410
25,322,803853
25,322,843726
25,356,1298698
25,356,574745
25,365,1136870
25,384,632727
25,52,1516874
25,553,789376
25,562,153872
25,594,305991
25,594,538931
25,604,238752
25,62,1308152
25,622,1101026
25,733,114406
25,832,539231
25,832,831676
25,895,809423
25,908,1320585
25,920,1324968
25,941,349288
26,1005,370310
26,1018,780220
26,1055,521495
26,1060,135675
26,1074,1154492
26,1153,1154833
26,1195,1553453
26,1204,845122
26,131,1259290
26,138,198783
26,161,1388394
26,193,1566740
26,241,1082410
26,275,325977
26,307,1249134
26,307,152106
26,307,163107
26,307,615498
26,307,647906
26,307,935289
26,319,1203358
26,319,1414471
26,347,683613
26,370,781793
26,376,1050060
26,41,109085
26,439,281877
26,49,1201580
26,49,1231591
26,547,316319
26,581,677234
26,594,285091
26,777,803225
26,835,558652
26,835,808754
26,877,798624
26,908,641861
26,908,818438
26,94,901974
26,945,254474
26,958,1392072
26,958,57592
26,966,1292121
26,98,168080
26,982,446900
27,1002,387658
27,1002,503369
27,1002,673044
27,1056,1241281
27,1056,486045
27,1056,580978
27,1060,1059436
27,1060,1076773
27,1060,1108270
27,1060,1131287
27,1060,1173405
27,1060,1277199
27,1060,1329689
27,1060,1432014
27,1060,1464193
27,1060,1509025
27,1060,185918
27,1060,186794
27,1060,186888
27,1060,258662
27,1060,40656
27,1060,514595
27,1060,533588
27,1060,562694
27,1060,606781
27,1060,808411
27,1060,842314
27,1060,900799
27,1060,915512
27,1060,936752
27,1060,986548
27,1124,1033438
27,1124,1185613
27,1124,418718
27,113,71151
27,1140,1298788
27,1151,1505793
27,1154,1536400
27,1185,1210271
27,1185,1576226
27,1185,473095
27,1185,691853
27,1185,805291
27,1185,933174
27,1192,162370
27,1192,328523
27,1192,779128
27,1199,384075
27,123,1558173
27,138,1439289
27,150,1050856
27,150,1071658
27,150,130039
27,150,1329260
27,150,162635
27,150,221994
27,150,297661
27,150,408268
27,150,485793
27,150,703528
27,150,737413
27,150,748869
27,150,932891
27,183,950167
27,186,1297983
27,203,33748
27,249,128737
27,271,1354520
27,286,106814
27,290,1397844
27,313,552097
27,324,816232
27,376,1446250
27,376,530636
27,440,1166960
27,440,1253810
27,487,1369753
27,553,118701
27,553,1231093
27,594,1401537
27,594,678869
27,663,1089901
27,663,1414949
27,663,646991
27,663,733966
27,663,945110
27,697,151147
27,697,980779
27,784,667919
27,833,175358
27,833,969744
27,837,1278424
27,837,269424
27,837,504198
27,837,729067
27,848,1506529
27,865,148291
27,865,193510
27,87,1553301
27,915,578572
27,97,1488999
28,100,882416
28,1029,515243
28,104,1160074
28,104,619755
28,1043,140906
28,1055,1508766
28,1055,418662
28,1055,751509
28,1055,810966
28,1060,1204477
28,1060,126948
28,1066,27237
28,1066,550688
28,1066,658428
28,1086,1497280
28,1087,456900
28,1105,441570
28,1122,150077
28,1133,933553
28,1153,147634
28,1158,401404
28,1160,325511
28,1166,929576
28,1192,1363964
28,1193,1027690
28,1193,1356912
28,1193,46566
28,1193,828229
28,1203,129116
28,1203,435777
28,1203,439228
28,1205,995632
28,1207,773518
28,132,1535648
28,132,874514
28,138,1201543
28,138,1288846
28,138,490368
28,15,1066447
28,150,311413
28,193,129260
28,196,401774
28,214,1246217
28,214,1263566
28,214,150763
28,214,284549
28,214,345928
28,214,702078
28,214,714512
28,232,1294380
28,232,1513554
28,238,162171
28,249,249131
28,255,142023
28,255,361664
28,255,577862
28,255,612245
28,284,1452801
28,284,44925
28,284,676600
28,297,1457493
28,322,1269936
28,322,538286
28,322,547279
28,322,569133
28,335,1281882
28,356,1319842
28,376,1030499
28,376,1297335
28,376,1565746
28,425,1015486
28,425,701951
28,43,811222
28,455,104480
28,455,1122079
28,455,1219035
28,455,1551769
28,455,304350
28,455,44429
28,455,446523
28,455,727904
28,455,914927
28,481,1311418
28,481,965850
28,49,1326882
28,553,1304752
28,553,240060
28,560,1477429
28,568,333483
28,569,1224585
28,582,681190
28,594,93179
28,599,1252929
28,599,1347617
28,599,1567010
28,599,327226
28,599,375234
28,599,388050
28,599,761806
28,620,470617
28,625,238637
28,626,1222763
28,626,920328
28,632,26481
28,633,483405
28,633,57854
28,633,667468
28,666,1222407
28,666,430529
28,666,598295
28,715,275631
28,715,342658
28,715,378996
28,725,860013
28,733,832691
28,75,397938
28,75,651765
28,832,418474
28,832,997166
28,844,624556
28,852,221424
28,872,148359
28,887,1039120
28,887,607724
28,969,1231537
28,97,1360783
29,1000,125964
29,1008,1411097
29,1019,282665
29,1043,329077
29,1043,635540
29,1060,1050921
29,1060,388319
29,1060,452210
29,1060,616273
29,1070,1397735
29,1070,726089
29,1070,861894
29,1070,944999
29,1088,1338801
29,1088,1487563
29,1088,237734
29,1088,377018
29,1088,460976
29,1088,496515
29,1088,676057
29,1088,77998
29,1088,852526
29,1095,1064677
29,1095,1340254
29,1095,49832
29,1097,295213
29,1097,629836
29,1108,502296
29,1108,783169
29,1114,1380168
29,1114,1567184
29,1114,176363
29,1114,803250
29,1130,1028282
29,1130,114055
29,1130,1153186
29,1130,1273337
29,1130,1351974
29,1130,202071
29,1130,206014
29,1130,438285
29,1130,654832
29,1130,701367
29,1130,781890
29,1146,902266
29,1153,150570
29,1153,331975
29,1153,408875
29,1153,496406
29,1153,946973
29,1184,269748
29,1192,1151116
29,1192,491826
29,1203,724685
29,1214,1359865
29,132,1187773
29,132,989325
29,138,1111215
29,138,1209005
29,138,1384933
29,150,900387
29,156,319645
29,18,1259285
29,18,1346717
29,18,1522811
29,18,1568178
29,18,331070
29,18,332487
29,18,397334
29,18,670707
29,18,8960
29,191,1347295
29,232,82439
29,240,411292
29,250,215960
29,254,1148472
29,254,730848
29,255,497279
29,255,945112
29,307,1208522
29,356,1165147
29,356,1167931
29,356,1281697
29,356,1406705
29,356,483223
29,356,725353
29,356,769412
29,376,1312896
29,376,197651
29,376,857907
29,376,973109
29,381,103783
29,414,1106576
29,422,305664
29,425,277691
29,49,328243
29,528,677582
29,553,1272758
29,553,1386415
29,553,847795
29,602,500989
29,633,1509966
29,65,1557020
29,666,1514088
29,666,1530853
29,666,344794
29,668,829463
29,668,894295
29,714,607712
29,715,1243629
29,715,377601
29,715,422082
29,720,360415
29,722,1051697
29,722,563354
29,733,325940
29,733,49613
29,734,692610
29,734,74900
29,744,620753
29,751,1128149
29,813,1500877
29,863,540327
29,887,1535658
29,887,714562
29,908,1541344
29,925,609494
29,933,287774
29,936,1054798
29,957,1119579
29,957,791269
29,983,364886
29,989,775266
3,1019,214621
3,104,1321645
3,1055,1245053
3,1055,1468667
3,1055,673856
3,1055,685253
3,1055,721988
3,1055,737950
3,1055,820702
3,1060,1253765
3,1060,1486961
3,1060,1563211
3,1060,278389
3,1060,47154
3,1061,1322879
3,1080,1521578
3,1095,264110
3,11,1417431
3,1105,1544472
3,1108,1302422
3,1108,570277
3,1130,1305871
3,1130,1318192
3,1130,347636
3,1130,572972
3,1143,90090
3,1153,1108638
3,1153,1309969
3,1153,134154
3,1153,1548904
3,1153,201878
3,1153,332243
3,1153,511897
3,1153,732514
3,1153,774569
3,1157,1480545
3,1166,579874
3,129,165337
3,129,987122
3,132,831524
3,138,1141329
3,14,1371757
3,148,1542901
3,150,346657
3,156,1394081
3,156,471308
3,156,538314
3,158,851535
3,238,1065494
3,238,1412115
3,238,543512
3,238,862773
3,249,290660
3,252,1497640
3,254,1255905
3,255,1139568
3,255,1157972
3,255,1164347
3,255,1169151
3,255,1173323
3,255,1435803
3,255,232706
3,255,247287
3,255,459659
3,255,726309
3,376,1356719
3,378,1364066
3,378,183517
3,378,556077
3,378,953114
3,40,1087374
3,40,497460
3,43,1139148
3,477,1102934
3,505,1286264
3,532,165394
3,553,1425393
3,553,731708
3,617,1046197
3,617,955887
3,638,1146242
3,640,1006605
3,640,145703
3,666,811523
3,671,590393
3,711,293561
3,711,546481
3,715,1437661
3,805,376653
3,836,180994
3,836,761545
3,866,1405871
3,908,15387
3,932,1065358
3,94,1118968
3,94,1285517
3,94,339258
3,94,46069
3,94,631947
3,94,886840
3,946,584197
3,947,721632
3,952,16961
3,963,1246993
3,968,679946
3,987,208291
3,989,932192
30,1051,1322112
30,1171,1262559
30,1176,1007370
30,1176,1017963
30,1176,1120161
30,1176,1196780
30,1176,1520877
30,1176,292321
30,1176,294105
30,1176,388612
30,1176,524544
30,1176,712580
30,1176,797112
30,1176,927660
30,1202,463913
30,141,1207374
30,184,456942
30,211,1499761
30,249,1307483
30,314,421724
30,425,102113
30,461,1255927
30,464,13101
30,515,654559
30,537,102834
30,537,1088611
30,537,1363601
30,537,1377853
30,537,1391089
30,537,1528902
30,537,1533416
30,537,1808
30,537,292688
30,537,755194
30,537,822700
30,537,984338
30,592,1147711
30,626,1351447
30,729,1347850
30,756,1080747
30,821,653683
30,880,772666
30,881,313227
30,890,1335403
30,890,725095
30,91,208217
30,963,255293
30,995,1019332
30,995,1155950
30,995,1201849
30,995,1517482
30,995,1588831
30,995,194766
30,995,210403
30,995,470926
30,995,546550
30,995,687614
30,995,739948
30,995,984840
31,11,651472
31,1185,1000706
31,1185,356728
31,1192,503138
31,1203,782044
31,142,335797
31,150,1467723
31,218,1353909
31,376,661316
31,422,1117328
31,455,122725
31,455,629083
31,468,720598
31,524,1277314
31,524,1401066
31,524,326006
31,524,393162
31,524,440659
31,524,802087
31,524,979939
31,596,663121
31,625,664479
31,695,1160383
31,695,412722
31,745,142767
31,85,607597
31,957,1094264
31,963,1031209
31,963,1100980
31,963,1309056
31,963,208175
31,963,292866
31,963,431239
31,963,64313
31,963,806885
31,963,817142
31,996,670172
32,1172,1175990
32,464,367405
32,94,936068
33,1016,825784
33,1028,259103
33,1033,691469
33,1043,1381586
33,1053,1523657
33,1055,1299668
33,1055,1428566
33,1055,1529480
33,1055,367322
33,1055,511321
33,1058,718031
33,1058,844565
33,1059,114295
33,1060,1079336
33,1060,1283159
33,1060,349818
33,1060,724680
33,1061,1130694
33,1066,1033624
33,1066,517330
33,1079,1391118
33,1124,1202900
33,1124,1528896
33,1124,481366
33,117,665114
33,1191,1114998
33,1192,1202411
33,1193,1025624
33,1193,222343
33,1194,388968
33,1203,182411
33,129,606869
33,132,1392753
33,138,1377345
33,138,176040
33,14,127701
33,150,1495070
33,154,1439464
33,156,1377634
33,156,402869
33,185,925568
33,191,1233268
33,191,365301
33,193,34806
33,193,869455
33,209,1218618
33,211,138837
33,229,1271483
33,232,60339
33,238,567890
33,249,1098000
33,249,1190742
33,249,623167
33,249,989031
33,254,1025538
33,304,718514
33,322,1414726
33,322,1443456
33,322,1566493
33,356,781298
33,361,1560603
33,376,732457
33,390,507312
33,397,1406282
33,422,209405
33,425,357045
33,425,467212
33,425,826331
33,426,149723
33,455,1220313
33,46,445389
33,460,24962
33,49,1027459
33,514,746586
33,527,201724
33,530,31381
33,530,35647
33,530,412090
33,530,582506
33,550,645715
33,551,1006973
33,551,1063874
33,56,648249
33,562,1578805
33,574,1247357
33,61,714165
33,612,769039
33,617,1028161
33,617,1028877
33,617,1087758
33,617,1443696
33,617,1478348
33,617,903268
33,617,992288
33,654,1101258
33,667,1435777
33,672,496589
33,705,1386054
33,705,1513890
33,705,519221
33,705,760889
33,706,1434597
33,715,113782
33,733,139430
33,733,27691
33,733,477279
33,771,925298
33,798,1134626
33,814,1204399
33,826,1240361
33,826,277226
33,826,334574
33,826,648428
33,834,1146438
33,834,525673
33,891,22588
33,908,326968
33,952,189843
33,952,662094
33,954,1450628
33,96,1576450
33,963,1167065
33,963,1544612
33,963,296612
34,1004,1481070
34,104,1130252
34,104,1261473
34,1043,672933
34,1060,1248008
34,1130,1412306
34,1130,1558019
34,1130,259964
34,1130,359587
34,1130,385823
34,1130,657715
34,129,1567373
34,132,1375854
34,138,1289436
34,156,1172438
34,191,69961
34,214,1093597
34,214,1505212
34,214,1521784
34,214,212506
34,214,258264
34,214,409726
34,214,428007
34,214,608467
34,214,818496
34,238,1037637
34,238,1301127
34,238,1504577
34,238,335804
34,238,450043
34,249,1174040
34,255,593039
34,274,782086
34,301,840391
34,335,1142352
34,335,1144505
34,335,1148595
34,335,1180558
34,335,1439207
34,335,1454758
34,335,1530455
34,335,327682
34,335,723858
34,335,96991
34,342,356278
34,342,437256
34,356,294512
34,356,322283
34,397,1153798
34,397,1260184
34,397,1317173
34,397,1368619
34,397,1444643
34,397,1586017
34,397,348000
34,397,362210
34,397,407850
34,397,607529
34,397,743547
34,407,896269
34,414,1107994
34,414,432616
34,43,1094277
34,43,478781
34,467,889619
34,470,738674
34,49,1083492
34,49,1473358
34,49,1518848
34,49,351480
34,49,361235
34,49,443406
34,49,447273
34,49,582066
34,49,646108
34,49,692952
34,49,807345
34,553,1062600
34,553,388554
34,553,617818
34,553,676489
34,617,1193834
34,617,181220
34,617,570656
34,625,1107312
34,668,123970
34,695,1186728
34,695,1408399
34,695,14280
34,695,1483915
34,695,1510011
34,695,163275
34,695,208183
34,695,426711
34,695,459046
34,695,780854
34,715,306400
34,719,355719
34,720,345051
34,733,1177922
34,733,601476
34,733,789129
34,75,686017
34,838,1553350
34,848,1266893
34,848,1276891
34,848,283651
34,848,786000
34,848,800937
34,848,915471
34,848,976460
34,867,1473524
34,870,684428
34,887,1387193
34,887,891347
34,893,643031
34,940,182121
34,97,1356708
34,97,812975
35,1088,1164669
35,1130,390337
35,306,651589
36,1088,1221083
36,1088,246163
36,1130,1365307
36,1130,34719
36,306,1193279
36,306,155025
36,422,972341
36,542,242262
36,542,860493
36,553,1003621
36,553,1007415
36,553,212089
36,659,1540270
36,900,458329
36,944,569949
36,963,1330131
37,1009,452913
37,1019,1251356
37,104,1020728
37,104,1032375
37,104,1071296
37,104,1146223
37,104,1427381
37,104,157834
37,104,208047
37,104,208138
37,104,686363
37,104,72547
37,104,768645
37,104,915242
37,1060,100490
37,1060,1106941
37,1060,1422250
37,1060,1424915
37,1060,1444055
37,1060,1483942
37,1060,15530
37,1060,334127
37,1060,567896
37,1066,208384
37,1077,1303337
37,1083,1068168
37,1085,1327188
37,1085,371981
37,1105,1208656
37,1105,509178
37,1105,619560
37,1109,849525
37,1114,228371
37,1130,16935
37,1131,439882
37,1153,1450390
37,1153,500895
37,1153,987445
37,1182,1419337
37,1186,1293751
37,1192,767408
37,1193,1248866
37,1193,291925
37,1193,599579
37,1193,810923
37,1193,931793
37,1203,254517
37,1218,864205
37,131,987282
37,132,1588090
37,132,458745
37,132,59563
37,132,865712
37,132,928957
37,138,1332839
37,138,1571193
37,138,359908
37,138,770693
37,145,147697
37,150,1153004
37,150,1288917
37,150,1355520
37,150,1568746
37,150,172743
37,150,236004
37,150,303175
37,150,589403
37,150,645614
37,150,655292
37,150,717619
37,156,1243381
37,181,1371411
37,191,1049282
37,191,1335980
37,191,843051
37,232,535905
37,241,113837
37,241,972377
37,242,1548480
37,249,1376386
37,249,1520020
37,249,554981
37,254,1016303
37,254,1236372
37,254,494042
37,254,641304
37,254,966221
37,255,126112
37,255,146239
37,282,1357216
37,311,673513
37,322,1549543
37,322,1566808
37,322,1591125
37,334,325969
37,335,1007747
37,335,1122683
37,335,1278051
37,335,1355466
37,335,1431576
37,335,1527361
37,335,163253
37,335,233931
37,335,361438
37,335,547563
37,335,572170
37,335,923127
37,335,924117
37,335,983983
37,336,1194768
37,354,165786
37,356,1001036
37,356,222767
37,37,1090052
37,376,1468403
37,376,1490398
37,376,69638
37,376,947562
37,394,145628
37,397,117175
37,397,1184372
37,397,567912
37,397,64501
37,397,942244
37,402,601608
37,407,80676
37,44,666043
37,452,504765
37,475,389402
37,475,883692
37,49,1066750
37,49,1249568
37,49,1341880
37,49,1549962
37,49,1574208
37,49,221837
37,49,307647
37,49,332758
37,49,527558
37,49,6138
37,49,630884
37,49,662584
37,49,697211
37,49,706444
37,49,806841
37,49,935921
37,49,953165
37,546,1094317
37,553,1038396
37,553,157166
37,553,158190
37,553,251281
37,553,350334
37,553,386189
37,553,528432
37,553,533628
37,553,563577
37,553,579865
37,553,599079
37,553,659477
37,553,671265
37,553,731248
37,553,778170
37,553,805710
37,553,814815
37,553,822625
37,553,921274
37,553,951126
37,553,965756
37,555,346415
37,594,1486895
37,594,1494205
37,594,276148
37,594,288267
37,594,618406
37,594,949302
37,61,1585216
37,615,184325
37,617,164292
37,617,794859
37,633,1473979
37,633,177164
37,633,240134
37,633,542429
37,633,72574
37,65,1114631
37,65,1128716
37,65,1240683
37,65,1388089
37,65,203336
37,65,256848
37,65,26781
37,65,401603
37,65,892069
37,65,995945
37,654,717192
37,666,592881
37,666,640077
37,666,978583
37,672,1045437
37,682,1071559
37,695,1431335
37,695,712858
37,695,785195
37,695,879784
37,695,901829
37,715,1162687
37,715,534829
37,733,1005386
37,733,1357388
37,733,1579128
37,733,467904
37,734,636894
37,744,944833
37,746,60381
37,790,1444337
37,801,88022
37,837,704800
37,837,805421
37,887,1064796
37,887,1101420
37,887,1172206
37,887,1242960
37,887,1394277
37,887,215357
37,887,224260
37,887,266271
37,887,449949
37,887,466218
37,887,503504
37,887,569541
37,887,699431
37,887,720700
37,887,935493
37,936,1511723
37,94,1006360
37,94,1021923
37,94,1158702
37,94,1316069
37,94,169581
37,947,1256434
37,947,603504
37,957,250606
37,957,459013
37,963,1297187
37,963,1579360
37,963,265270
37,963,309567
37,967,1160013
37,989,462603
38,1000,1322618
38,1000,618234
38,1113,937609
38,1181,373112
38,1183,741897
38,1185,1358793
38,1185,1441210
38,1192,1493937
38,131,547679
38,131,872853
38,138,1017513
38,138,1514891
38,138,371603
38,150,12709
38,150,512807
38,156,1404118
38,191,1331452
38,191,1343136
38,193,283476
38,241,878538
38,249,1081117
38,249,1381353
38,249,1405873
38,307,1215434
38,322,1180122
38,334,297801
38,36,820854
38,360,777179
38,401,665531
38,425,1313959
38,425,1591568
38,437,426281
38,444,1419856
38,444,679471
38,448,148083
38,594,1135043
38,594,833646
38,594,886025
38,602,1320532
38,61,5319
38,617,1139597
38,617,1350568
38,617,251025
38,626,1086488
38,668,867100
38,691,414575
38,694,1330622
38,745,1294237
38,751,1080508
38,758,1289923
38,824,264681
38,847,361073
38,847,440128
38,847,745736
38,908,517517
38,908,536962
38,908,816508
38,94,609329
38,983,1335200
38,996,1085657
38,996,111074
38,996,1319698
38,996,1521752
38,996,582949
38,996,750768
39,1042,179897
39,1042,82109
39,154,1545916
39,154,487698
39,154,685338
39,306,1288630
39,334,1206749
39,444,130233
39,617,330369
39,684,319259
39,841,788121
39,947,490956
39,989,388775
39,996,1159663
4,1108,118557
4,1131,1101004
4,1131,946528
4,1153,761776
4,255,10408
4,542,363298
4,553,1054413
4,553,892865
4,774,753273
4,887,1287705
4,887,327688
4,887,575957
40,1069,1331693
40,1077,749204
40,1192,386342
40,1203,427949
40,131,890757
40,271,600715
40,397,979774
40,438,762041
40,466,1204732
40,553,693040
40,553,82618
40,625,1486718
40,651,790888
40,734,574069
40,806,308485
40,823,753883
40,908,87781
40,952,434830
40,97,1481717
41,1000,461832
41,1000,669929
41,1036,1460369
41,1090,1421862
41,1139,1222024
41,1215,1405872
41,131,944410
41,149,1281796
41,150,128027
41,150,1408983
41,150,552042
41,150,802468
41,220,593843
41,238,423872
41,249,144252
41,273,681118
41,334,1332740
41,370,893035
41,376,352209
41,387,1046971
41,414,1543943
41,464,1061018
41,464,732699
41,464,916887
41,49,1060463
41,49,879379
41,490,1287342
41,490,445014
41,512,1570188
41,519,294111
41,595,16185
41,618,642092
41,626,843554
41,734,302146
41,734,653009
41,848,1528633
41,848,975243
41,851,976688
41,886,1237227
41,899,1192712
41,949,227559
41,952,1079456
41,952,1122817
41,952,1354017
41,952,48156
41,952,58435
41,952,952102
41,952,970202
41,976,263993
41,982,1242644
41,982,694636
41,982,695805
42,464,933306
43,1043,1151498
43,1050,787962
43,1066,609211
43,1066,70269
43,11,228643
43,113,159657
43,1142,1355332
43,1142,778957
43,1142,958626
43,1153,600425
43,1170,1384473
43,132,545888
43,132,663163
43,150,403074
43,150,427133
43,156,1103593
43,156,1232284
43,156,86775
43,187,1310145
43,187,84491
43,218,1273298
43,22,1543759
43,232,1565481
43,238,1584966
43,27,316924
43,335,1064610
43,335,126959
43,335,13470
43,335,1440335
43,335,196650
43,335,742380
43,335,791238
43,335,868614
43,373,133336
43,44,1319303
43,49,410844
43,49,922304
43,499,1015073
43,502,434996
43,597,1294795
43,602,795279
43,617,1093092
43,617,1558855
43,633,150150
43,633,183688
43,677,1062449
43,677,188234
43,677,342231
43,680,379144
43,731,588450
43,734,1396438
43,792,1128133
43,804,1061100
43,827,1451400
43,848,1303969
43,848,139925
43,848,4076
43,848,689093
43,879,348365
43,887,1098590
43,904,1470473
43,929,1213611
43,94,1040326
43,948,923903
43,96,848829
43,963,1171140
43,963,1537393
43,983,137547
43,997,243897
44,1126,805128
44,131,424991
44,526,1011028
44,617,1224393
44,963,314423
45,1022,1264231
45,1122,1169864
45,1122,873620
45,1130,1315541
45,1130,788135
45,1160,145643
45,1160,311487
45,1192,1377051
45,160,366196
45,214,9230
45,366,502200
45,43,553166
45,553,444060
45,622,676153
45,721,1500627
45,725,1300406
45,725,1564619
45,725,234657
45,733,1392890
45,733,586441
45,908,146215
45,937,1035165
45,944,1120082
46,1088,1022632
46,1088,1500874
46,1122,1526671
46,1130,1259307
46,1130,128649
46,1130,1392142
46,1130,1410253
46,1130,1447965
46,1130,1451567
46,1130,317997
46,1130,481427
46,1130,63853
46,1130,937926
46,1202,790914
46,137,1569349
46,249,289789
46,279,1378894
46,284,481936
46,306,126756
46,306,1359024
46,306,871320
46,379,1182254
46,379,1321511
46,379,450791
46,379,674476
46,379,810577
46,379,849317
46,402,69912
46,461,970530
46,465,1506123
46,531,1512310
46,594,1095825
46,594,481891
46,633,69079
46,665,31428
46,725,1176751
46,725,1236379
46,725,1346350
46,725,1401761
46,725,290703
46,725,306000
46,725,73565
46,725,9019
46,780,1090602
46,993,749568
47,114,588804
47,816,12718
48,1060,161580
48,1138,1116526
48,1147,1224375
48,1147,1451466
48,1178,737187
48,508,504228
48,537,1573631
48,537,444670
48,537,502710
48,537,622717
48,626,349990
48,733,1010906
48,759,83923
48,791,1395432
48,791,865849
48,861,1107855
48,861,131649
48,861,383602
49,1019,203659
49,1060,374620
49,1070,141615
49,11,160928
49,1184,1194264
49,1184,839195
49,1216,945544
49,128,1439354
49,128,955131
49,138,1441647
49,155,531250
49,249,740326
49,376,1271346
49,376,1448182
49,478,1400118
49,666,701765
49,715,58979
5,1000,943333
5,1124,174706
5,138,1065686
5,138,1523319
5,138,1551235
5,319,349799
5,376,392469
50,271,214890
50,271,436865
50,580,1530465
50,847,1237192
50,847,511024
51,1043,468234
51,1055,85590
51,1060,1217396
51,1060,851200
51,1060,91921
51,129,427399
51,138,1042463
51,148,657746
51,201,488992
51,238,1300329
51,238,1557393
51,238,95277
51,24,770635
51,24,973599
51,355,639296
51,397,10122
51,410,257064
51,701,699913
51,749,696137
51,8,849030
51,82,1431797
51,834,230046
51,835,1432860
51,835,570071
51,963,1197303
52,1000,331065
52,104,1098454
52,1040,468701
52,1066,548213
52,1113,794556
52,1116,1152748
52,1124,1202326
52,113,874880
52,1137,953660
52,120,224934
52,131,417130
52,131,547365
52,132,1531626
52,138,1374447
52,138,1480836
52,156,514855
52,163,965543
52,232,426685
52,242,1560706
52,242,759813
52,242,838770
52,249,341342
52,249,618259
52,250,857280
52,254,1071413
52,254,1499503
52,254,194082
52,254,379593
52,254,529265
52,254,856055
52,266,105613
52,307,1066385
52,322,872243
52,334,888228
52,346,1041375
52,346,1294907
52,37,143042
52,37,280739
52,376,1353362
52,424,801913
52,437,980593
52,44,380344
52,444,1539704
52,445,1075536
52,447,1552982
52,450,373919
52,450,887414
52,49,169629
52,512,1099183
52,617,984890
52,654,504062
52,688,911858
52,700,942103
52,734,1084568
52,734,636437
52,770,1569139
52,794,1278858
52,804,141597
52,804,271967
52,804,51666
52,804,548971
52,838,663664
52,847,1314863
52,889,1152363
52,889,97868
52,902,805382
52,908,1316094
52,938,1523895
52,938,22157
52,938,600962
52,938,646615
52,95,401064
52,963,1034814
52,963,1257897
52,963,1258399
52,963,1265085
52,963,1291342
52,963,1344395
52,963,1469352
52,963,1507718
52,963,210183
52,963,319473
52,963,471455
52,963,627272
52,963,69747
52,996,1018134
52,996,276635
52,996,486397
53,1000,131149
53,1000,529430
53,1068,1343637
53,1068,1435403
53,1100,762550
53,1198,811225
53,1201,154792
53,138,1204259
53,138,1383930
53,138,1408707
53,138,156500
53,138,728733
53,138,988286
53,138,995058
53,192,135573
53,192,224132
53,192,256866
53,192,719126
53,192,774808
53,193,249730
53,193,810666
53,193,862549
53,2,1440913
53,207,1384490
53,254,316343
53,254,361452
53,254,643403
53,284,1170665
53,284,1378362
53,284,202185
53,284,206491
53,284,250815
53,284,386032
53,284,494187
53,284,547867
53,284,569620
53,284,693275
53,284,780628
53,284,800941
53,305,756345
53,373,1449085
53,401,1586612
53,401,610132
53,419,1468423
53,535,73436
53,535,897818
53,537,859518
53,571,745265
53,598,722673
53,631,336018
53,631,879657
53,666,1261136
53,666,286678
53,666,907259
53,690,1306807
53,690,1314640
53,730,1416628
53,733,502276
53,751,1148056
53,776,1116303
53,785,104098
53,821,951943
53,841,1069507
53,841,1584230
53,841,552668
53,841,602527
53,841,729851
53,841,809650
53,853,911943
53,853,971625
53,888,1208951
53,888,1278122
53,888,1307225
53,888,1489462
53,908,1102438
53,91,1411055
54,1013,570755
54,1034,163073
54,1034,196187
54,11,1497243
54,402,757265
54,410,1502175
54,429,36640
54,464,1535316
54,464,535481
54,594,1440359
54,633,283206
54,91,1322231
55,1114,1231904
55,121,690196
55,464,851532
56,1011,988036
56,1014,1378772
56,1027,924997
56,1038,105640
56,1041,1490774
56,1055,1427642
56,1060,1153486
56,1060,1353470
56,1060,1516040
56,1060,170025
56,1060,331710
56,1090,857531
56,111,114007
56,111,151840
56,111,1590049
56,1110,1359585
56,1129,1029746
56,1129,1439408
56,1129,345603
56,1130,811504
56,1166,1163754
56,118,363151
56,1185,593968
56,1192,416287
56,1206,1114196
56,1206,1141820
56,1206,463429
56,139,1205051
56,150,1335699
56,150,432718
56,150,762266
56,150,779792
56,154,1233406
56,176,465234
56,178,38806
56,218,140595
56,218,770130
56,218,902284
56,219,607634
56,230,1577768
56,24,1044778
56,241,1076345
56,241,211412
56,241,900222
56,245,148547
56,254,1591721
56,255,1175591
56,255,1250816
56,255,1587527
56,260,252355
56,322,1138056
56,322,1494744
56,322,617788
56,322,782444
56,330,726868
56,376,742561
56,406,1387430
56,414,640337
56,419,602105
56,419,927626
56,42,915990
56,434,1513536
56,463,416086
56,49,620343
56,553,1300043
56,585,1256728
56,594,109937
56,594,1224583
56,594,1235667
56,594,1246468
56,594,1282703
56,594,1461540
56,594,1519087
56,594,243485
56,594,402212
56,594,405078
56,594,432590
56,594,5307
56,594,871303
56,600,1400621
56,61,1053227
56,61,159402
56,61,255448
56,61,338361
56,61,951669
56,619,101126
56,623,723136
56,624,372072
56,633,1054144
56,633,1223034
56,633,1401087
56,633,270268
56,633,397482
56,633,712448
56,65,33029
56,672,1179975
56,672,365706
56,682,1157767
56,682,235704
56,682,294462
56,682,347013
56,682,519061
56,692,499693
56,702,1439130
56,709,1286954
56,744,266081
56,75,1033030
56,75,1525465
56,789,1019898
56,789,854805
56,789,955331
56,831,1377401
56,834,1086111
56,835,1240759
56,835,1281646
56,838,495033
56,908,687396
56,94,1251474
56,94,1397285
56,94,1510234
56,94,1572679
56,94,360897
56,94,855249
57,1124,1259202
58,1088,192254
58,1088,459285
58,1088,926199
58,1130,1057240
58,1130,1061898
58,1130,1228201
58,1130,1261262
58,1130,1278631
58,1130,193187
58,1130,448712
58,1130,455430
58,1130,636017
58,1130,973548
58,1130,989584
58,1202,1370500
58,1203,1289670
58,232,917165
58,249,1054405
58,306,1206758
58,306,1307319
58,306,1318751
58,306,309616
58,306,347843
58,306,543959
58,306,57421
58,306,727200
58,306,822355
58,306,868141
58,306,996311
58,307,626657
58,335,1113483
58,335,1276062
58,422,1022574
58,447,875306
58,465,1364041
58,49,248602
58,49,542306
58,531,1351512
58,695,1342465
58,695,1384444
58,695,1421020
58,695,1466315
58,695,261429
58,695,723989
58,725,1120718
58,725,1242427
58,725,1358615
58,725,1561827
58,725,159122
58,725,362541
59,1088,316369
59,1088,331169
59,1130,197344
59,1130,739054
59,306,801161
59,306,87082
6,1060,174386
6,1060,632840
6,1060,772359
6,1075,840461
6,1192,20884
6,1203,368763
6,1209,948918
6,138,1196414
6,138,1518922
6,232,528181
6,232,538699
6,232,892087
6,254,1472976
6,286,1275618
6,356,1129296
6,397,589995
6,516,1091606
6,530,42386
6,594,614950
6,666,1297709
6,666,1311785
6,666,147519
6,715,974959
6,751,103723
6,963,517413
6,963,900099
6,992,337097
60,101,1021
60,1052,173882
60,1060,1042904
60,1092,1007867
60,1192,471674
60,331,1205108
60,425,199254
60,425,891026
60,488,1125803
60,488,1348518
60,49,1401313
60,49,52459
60,594,1280240
60,594,532260
60,607,1200021
60,607,50860
60,615,656512
60,666,501047
60,666,808882
60,693,675991
60,71,1014439
60,715,1235992
60,715,663173
60,817,849758
60,869,977105
60,913,1518819
60,94,980073
60,94,985467
60,990,1562497
61,1000,1162611
61,1000,736474
61,1035,855349
61,104,855078
61,1060,1044780
61,1060,1108962
61,1060,1161614
61,1060,1537342
61,1060,509250
61,1060,719186
61,1065,730243
61,1127,1334355
61,1183,293216
61,1185,891408
61,1192,1000990
61,1192,20368
61,1192,229755
61,1192,948956
61,1192,95038
61,1203,1570702
61,124,54218
61,131,1064201
61,132,795153
61,138,1509762
61,150,1028525
61,150,1228502
61,150,133763
61,150,251263
61,150,418210
61,150,432946
61,150,838231
61,215,101817
61,216,695470
61,227,1445053
61,241,468168
61,249,310500
61,287,478433
61,295,100714
61,295,153732
61,295,1551481
61,295,18157
61,295,517926
61,295,534104
61,295,911052
61,307,609694
61,373,767226
61,376,114597
61,376,1373787
61,376,453073
61,401,48483
61,401,567578
61,401,944799
61,425,907927
61,437,394824
61,441,1359953
61,449,1314913
61,449,1356411
61,449,1443520
61,449,477151
61,449,625767
61,449,653815
61,449,946796
61,458,172426
61,536,84639
61,552,171546
61,594,1149869
61,594,139667
61,594,302598
61,594,396697
61,594,406710
61,61,215923
61,622,300157
61,626,189327
61,631,120451
61,631,124267
61,631,3918
61,631,638631
61,631,912748
61,633,1164156
61,672,415699
61,691,48734
61,715,1127513
61,715,1586190
61,715,521866
61,726,1512863
61,757,362074
61,758,99226
61,76,547061
61,8,702536
61,829,928195
61,830,301251
61,837,822019
61,841,129620
61,841,1312168
61,841,63796
61,841,843936
61,856,661808
61,9,250268
61,908,1580137
61,913,157119
61,913,341771
61,913,365625
61,913,403006
61,913,458877
61,972,139580
61,99,1045675
61,99,1331386
61,99,1349800
61,99,847067
61,99,87760
61,99,905663
61,99,966200
62,1030,105980
62,307,1058709
62,422,1376848
62,435,666530
62,446,317290
62,910,501295
62,918,874978
62,958,819013
63,232,161282
63,334,1337295
63,526,335527
63,594,1393908
63,61,218298
63,942,916212
64,1045,991321
64,111,1155609
64,111,345590
64,1155,282850
64,138,1547747
64,191,1321647
64,191,511492
64,306,1415963
64,37,739869
64,64,693375
64,963,1475960
64,963,509867
65,1019,553813
65,104,1502355
65,1050,1066224
65,1050,1305970
65,1050,1366441
65,1050,516335
65,1059,1438144
65,1060,1138794
65,1060,132019
65,1060,1344115
65,1060,378165
65,1061,1195461
65,1061,504187
65,1066,722211
65,1066,808987
65,1071,573525
65,1105,1008019
65,1105,1518923
65,1149,997754
65,1153,1423634
65,1153,339325
65,1192,1055612
65,1193,1186483
65,1193,1465827
65,1193,269906
65,1193,454380
65,1193,736918
65,1198,152625
65,1203,95233
65,138,1332388
65,138,1413605
65,138,74487
65,138,885343
65,154,1456356
65,154,485494
65,189,627161
65,193,423565
65,218,567408
65,246,660059
65,254,350459
65,286,980570
65,307,790279
65,311,1338536
65,311,1519287
65,311,340481
65,322,755244
65,336,1205449
65,356,1039173
65,356,674101
65,356,836949
65,37,1428489
65,37,252053
65,37,835534
65,37,858361
65,397,334953
65,404,665898
65,44,203560
65,44,742292
65,44,966003
65,474,743125
65,594,1102942
65,601,1015366
65,633,40628
65,633,565198
65,633,597870
65,633,661526
65,633,676936
65,65,1036926
65,65,404471
65,65,416429
65,65,451434
65,65,699402
65,695,130199
65,695,201984
65,695,645383
65,733,121137
65,736,967206
65,908,1229344
65,913,819680
65,918,1197436
65,928,220236
65,933,682833
65,935,261870
65,94,236102
65,94,346838
65,94,650677
65,94,652557
65,963,222981
65,967,506188
66,1124,1014972
66,1124,1122048
66,1124,1252603
66,1124,1268531
66,1124,1525444
66,1124,1559872
66,1124,180227
66,1124,632959
66,1124,641192
66,1124,835298
66,1124,916431
66,113,150651
66,113,597269
66,113,741848
66,113,934837
66,131,307166
66,156,1439000
66,156,1475185
66,156,1552590
66,156,528945
66,156,563289
66,156,68534
66,242,1504242
66,242,746300
66,263,1150178
66,271,1066805
66,271,1278716
66,271,339569
66,271,879968
66,306,1561982
66,334,732625
66,444,26682
66,498,1527723
66,617,872967
66,804,553355
66,847,738937
66,947,768928
66,996,584860
67,1032,1339334
67,1032,1510922
67,1032,842833
67,1060,1316940
67,1178,1235682
67,150,1575357
67,150,62528
67,362,719025
67,385,395998
67,406,106635
67,406,143890
67,406,1484914
67,406,844169
67,442,1308607
67,626,925165
67,733,234170
68,1088,1050999
68,1088,487181
68,1130,1371059
68,1130,881206
68,185,410322
68,20,133563
68,306,562990
68,356,108339
68,63,853612
68,858,1495199
68,858,349815
68,858,470962
69,1020,447589
69,1060,1346277
69,1060,1506666
69,1060,493464
69,1066,200058
69,110,1393358
69,110,584141
69,110,854423
69,1150,610522
69,1159,389689
69,1192,642949
69,179,1569813
69,193,32579
69,198,778995
69,254,1162052
69,254,1509894
69,254,468272
69,286,608417
69,291,1434916
69,329,958462
69,529,1350415
69,529,151754
69,529,426040
69,529,619481
69,588,555334
69,602,150164
69,617,970984
69,635,234183
69,876,1153197
69,876,167316
69,876,928761
69,908,1242181
69,98,1525662
69,98,865939
7,1024,653628
7,1054,39512
7,1054,628364
7,106,529866
7,1060,1012550
7,1060,1036640
7,1060,133912
7,1060,1358591
7,1060,141478
7,1060,1502638
7,1060,1519200
7,1060,452651
7,1060,464866
7,1060,643806
7,1060,717740
7,1060,836317
7,1060,839220
7,1092,1263532
7,1092,1518694
7,1118,630313
7,1119,778364
7,1121,1335518
7,1153,389265
7,1153,540247
7,119,1428998
7,1211,1087454
7,1211,1143564
7,1211,195359
7,1212,1278731
7,1212,953884
7,134,418308
7,138,1193539
7,152,1258721
7,165,1452994
7,169,910452
7,180,1425854
7,180,1562707
7,191,247657
7,24,1175613
7,24,613342
7,244,1221413
7,25,310894
7,254,24753
7,254,614131
7,254,814442
7,268,1075099
7,284,1055676
7,303,25060
7,322,1404900
7,322,142527
7,322,260935
7,322,415679
7,353,995029
7,356,1299055
7,372,368869
7,403,1014240
7,403,137125
7,403,518322
7,405,1013166
7,405,120558
7,451,120769
7,451,1248074
7,451,587778
7,451,705661
7,469,1235067
7,469,1464402
7,469,471716
7,49,654938
7,493,1156808
7,493,1428084
7,521,1064758
7,521,328611
7,529,151659
7,53,20571
7,549,740787
7,594,52885
7,594,59433
7,61,1123886
7,61,1418114
7,61,1501031
7,61,45728
7,61,886513
7,626,750928
7,633,1210781
7,633,19615
7,633,398890
7,633,70431
7,634,1049720
7,653,916227
7,666,1306873
7,666,1341484
7,679,192142
7,683,969527
7,73,798541
7,768,1196706
7,768,136094
7,797,917287
7,803,1350482
7,803,606571
7,807,1390763
7,807,809516
7,821,879120
7,826,408757
7,94,334459
7,949,1230462
7,952,1208339
7,952,79419
7,952,94567
7,977,782532
7,981,1073589
7,991,1046431
7,991,1396230
70,102,1314506
70,102,406933
70,1032,1109844
70,1032,1245870
70,1032,203488
70,1032,755603
70,1032,972972
70,132,623443
70,182,359280
70,322,659013
70,359,542553
70,376,719013
70,376,899518
70,406,1011463
70,406,1013537
70,406,1071591
70,406,81310
70,406,955602
70,406,964549
70,442,1322579
70,442,1551261
70,442,481485
70,442,579725
70,442,812854
70,483,194533
70,483,989972
70,625,226264
70,626,1375886
70,626,1378194
70,626,469576
70,626,476902
70,626,485949
70,626,915786
70,715,1051972
70,715,363347
70,715,849997
70,715,892269
70,734,1410160
70,755,1551721
70,903,455908
70,908,62713
70,921,101703
70,921,52580
71,464,1265352
71,464,377259
72,1007,70911
72,1021,318474
72,1060,935216
72,1129,1110816
72,1185,1526251
72,147,1477966
72,218,197647
72,232,49454
72,254,240478
72,322,1167904
72,583,173869
72,594,732148
72,868,1119549
72,913,1490100
72,94,1154109
72,963,917406
73,1025,1408128
73,322,4572
73,369,998092
73,594,171615
73,6,1278276
73,94,1288888
74,104,1155829
74,104,1264182
74,104,1332391
74,104,336733
74,104,535357
74,104,695501
74,104,788228
74,104,856202
74,104,882007
74,1050,290336
74,1060,1154432
74,1060,1191405
74,1060,1192826
74,1060,144602
74,1060,146985
74,1060,286110
74,1060,970168
74,1066,54364
74,1105,780286
74,1130,1383165
74,1161,1181176
74,1192,580426
74,1193,1072787
74,1193,1325686
74,1193,1346957
74,1193,1584127
74,1193,459731
74,1193,81634
74,1201,869363
74,1203,1422007
74,1203,42952
74,1214,1228212
74,131,1147290
74,131,1244819
74,131,794937
74,132,1417037
74,138,1279271
74,138,527014
74,150,1050445
74,150,1481430
74,150,212825
74,150,220640
74,150,386329
74,150,412373
74,150,594507
74,150,605089
74,150,879276
74,156,10062
74,156,1253242
74,156,177326
74,156,299655
74,156,451111
74,156,787361
74,156,943012
74,166,180619
74,193,1295927
74,193,296513
74,232,90634
74,241,1013376
74,241,1378678
74,241,800142
74,249,1179120
74,254,119225
74,282,288538
74,286,481434
74,307,1115136
74,334,26989
74,335,1265546
74,335,1346517
74,335,166812
74,335,209566
74,335,231700
74,335,282251
74,335,680171
74,335,726442
74,356,1234662
74,37,232448
74,376,1012258
74,376,270027
74,376,447090
74,38,1337699
74,397,367196
74,404,1574837
74,407,1084793
74,415,538367
74,44,1264169
74,475,1499430
74,475,405829
74,475,52028
74,49,1139295
74,49,1232272
74,49,1324917
74,49,1565761
74,49,187206
74,49,326739
74,49,33904
74,49,531681
74,49,604007
74,49,789199
74,49,791731
74,49,81798
74,49,914096
74,553,1054830
74,553,1057394
74,553,1464103
74,553,1497717
74,553,1537484
74,553,1552946
74,553,240976
74,553,348119
74,553,360994
74,553,475870
74,553,609706
74,553,681783
74,553,72064
74,553,782936
74,553,922200
74,558,372106
74,573,735661
74,591,1042502
74,594,1066988
74,594,1317327
74,594,1588285
74,594,338990
74,594,760912
74,61,1017797
74,61,1534397
74,61,925294
74,610,1411697
74,633,494990
74,633,808127
74,65,1056162
74,65,1122307
74,65,116219
74,65,1234578
74,65,1389257
74,65,1452327
74,65,552490
74,65,82201
74,65,837459
74,65,946571
74,65,986850
74,656,207574
74,666,599724
74,695,1057744
74,695,942218
74,715,1427166
74,715,778050
74,720,1422224
74,733,1498317
74,734,1114848
74,734,1342875
74,734,231823
74,752,677660
74,837,1036381
74,837,1126149
74,867,234639
74,885,526088
74,887,1059612
74,887,1065794
74,887,1079831
74,887,1095161
74,887,1281974
74,887,1502677
74,887,1530760
74,887,157044
74,887,467229
74,887,517455
74,887,626452
74,887,673886
74,887,782639
74,907,1525270
74,908,324193
74,94,118499
74,94,1254051
74,94,1311934
74,94,370147
74,94,636104
74,94,856149
74,947,276044
74,952,1022159
74,952,613265
74,957,1118916
74,957,332607
74,963,1070694
74,963,1265721
74,963,1431873
74,963,1545098
74,963,182692
74,989,136464
75,1,1583145
75,1,39576
75,1000,464313
75,1000,610981
75,1010,856236
75,1043,201229
75,1060,103059
75,1060,108533
75,1060,317368
75,1060,724186
75,1108,721036
75,1123,285781
75,113,103449
75,113,1039524
75,113,1059520
75,113,1339301
75,113,801536
75,113,962860
75,1135,1057712
75,1135,211275
75,1135,502620
75,1153,1041933
75,1153,1468332
75,1153,642169
75,1153,742359
75,1208,260861
75,131,220686
75,131,394327
75,132,693825
75,132,868905
75,132,927216
75,138,1042850
75,140,372577
75,144,1039176
75,146,188989
75,149,996288
75,151,292122
75,156,1531315
75,156,574369
75,191,1102565
75,238,1405762
75,238,157751
75,242,1101264
75,242,1114876
75,242,113041
75,242,1147216
75,242,1216718
75,242,1532910
75,242,428203
75,242,506005
75,249,1281198
75,249,921263
75,271,402888
75,288,996056
75,33,1033567
75,376,44633
75,396,169651
75,44,1062867
75,44,1347544
75,44,1396561
75,44,1401172
75,44,1474313
75,44,178562
75,44,319061
75,44,388768
75,44,448674
75,44,767495
75,467,1391507
75,49,72721
75,49,756451
75,504,812291
75,526,116018
75,526,1445685
75,526,163233
75,586,1567516
75,586,413325
75,617,1062105
75,617,311803
75,617,388428
75,617,395851
75,617,45275
75,617,486613
75,617,56927
75,617,766130
75,617,869725
75,617,879183
75,626,148037
75,626,1562752
75,626,321146
75,626,449291
75,626,91217
75,626,933417
75,638,790917
75,652,467759
75,734,267509
75,734,694733
75,804,114904
75,804,1441358
75,804,684036
75,887,74118
75,94,374154
75,963,191734
76,102,1364884
76,1032,1024064
76,1032,1516682
76,1032,178448
76,1032,414893
76,1131,1106447
76,1144,1489790
76,127,694754
76,247,1405174
76,322,170499
76,367,1327339
76,376,1373690
76,392,1450888
76,406,1252175
76,406,1394874
76,442,653337
76,483,146187
76,483,1506701
76,51,915521
76,510,357341
76,58,1506497
76,609,918109
76,626,208461
76,626,502778
76,626,517918
76,626,530707
76,626,730935
76,715,1146453
76,733,1169293
76,761,56641
76,860,1031078
76,887,941518
76,903,1016464
76,921,1053441
76,921,800845
76,931,1023273
77,1060,1006752
77,1060,1021561
77,1060,1142575
77,1060,429828
77,1060,54567
77,1060,730741
77,1066,1081368
77,1153,1032371
77,1153,1115855
77,1214,832689
77,132,1195600
77,134,187696
77,138,1373727
77,170,900839
77,21,1357189
77,21,641210
77,218,1290654
77,238,1513515
77,242,1228431
77,242,1462565
77,242,164054
77,242,46493
77,249,1586363
77,25,528093
77,255,13122
77,257,1346900
77,319,99574
77,322,108048
77,323,1571471
77,374,503013
77,375,1485280
77,376,471509
77,376,797061
77,397,926101
77,40,1136169
77,49,219357
77,514,1089387
77,553,179686
77,553,205154
77,553,427954
77,553,489290
77,553,989726
77,557,526845
77,59,1311662
77,617,1260436
77,617,917309
77,659,758703
77,666,1060305
77,666,1086286
77,669,463293
77,696,1110348
77,715,1449919
77,847,1150817
77,891,1090260
77,905,1233121
77,92,540493
77,951,158697
77,952,1358536
77,963,1190128
77,963,1274960
77,963,1537627
77,963,1559983
77,963,679716
77,963,728381
77,963,856878
78,1130,395826
78,255,62694
78,333,942900
78,565,1281219
78,594,929961
78,680,881281
78,740,912367
79,11,75398
79,1122,8369
79,1185,185193
79,1185,319647
79,1192,548478
79,1203,176234
79,132,161547
79,150,1175632
79,156,578832
79,218,625258
79,241,1268953
79,334,1211143
79,425,604673
79,455,1214988
79,455,1308758
79,468,420026
79,470,517974
79,695,1002632
79,695,1214884
79,695,1418265
79,695,166230
79,695,31220
79,695,409362
79,695,552758
79,695,708120
79,695,926192
79,85,400751
79,957,635256
79,963,1058628
79,963,1335695
79,963,1457669
79,963,1478861
79,963,298085
79,963,415646
79,963,432405
79,963,705198
79,963,75058
79,963,865476
79,996,1052299
79,996,1055700
79,996,106225
79,996,1291224
79,996,301021
79,996,336203
79,996,734138
79,996,852786
8,101,1440390
8,101,632904
8,1039,1266946
8,1039,240763
8,1039,327274
8,1050,1276182
8,1060,113495
8,1060,1517263
8,1060,484505
8,1066,137181
8,1066,8825
8,1067,1235303
8,1108,1264675
8,1117,1498834
8,1119,695318
8,1177,1104291
8,1193,146585
8,1193,1555531
8,1193,252397
8,1193,628531
8,1193,775447
8,1203,627421
8,1211,452901
8,1211,714597
8,122,963418
8,128,17328
8,131,354507
8,132,1130289
8,138,628922
8,228,1352710
8,237,437215
8,249,1549466
8,249,678034
8,249,997300
8,254,1453567
8,254,352183
8,292,17036
8,311,1118740
8,311,1486958
8,311,181156
8,311,601222
8,312,858515
8,322,1164933
8,322,252154
8,332,194003
8,349,304292
8,37,160485
8,37,392107
8,425,861316
8,44,37098
8,462,1337946
8,464,1264834
8,49,1160765
8,553,326227
8,594,1222668
8,594,518892
8,594,730889
8,606,1349691
8,606,1536795
8,606,441457
8,61,1083326
8,61,1351755
8,633,1083602
8,633,322868
8,653,1412006
8,695,1511793
8,695,582924
8,695,639317
8,703,86165
8,733,1380648
8,733,394293
8,751,588083
8,793,395815
8,809,713749
8,826,1205796
8,826,1455577
8,826,19296
8,826,580184
8,834,598083
8,885,484347
8,885,537519
8,908,1558729
8,908,90066
8,908,978128
8,94,198658
8,94,304388
8,94,386940
8,94,404919
8,952,1541946
8,967,1547734
8,967,881688
80,1031,508614
80,1031,878359
80,1046,1350652
80,1046,983256
80,1060,546724
80,1095,16618
80,1095,735549
80,1167,1274683
80,1219,268831
80,143,234419
80,143,789088
80,204,299201
80,249,536753
80,286,786932
80,364,591026
80,479,518043
80,559,281491
80,666,770277
80,666,839916
80,708,777739
80,89,325666
80,908,1409221
80,952,747689
81,103,1485098
81,1043,346109
81,1043,620227
81,1045,1054324
81,1060,11063
81,1060,1115398
81,1060,1459665
81,1060,1477656
81,1060,1508580
81,1060,230882
81,1060,371669
81,1060,427842
81,1060,432607
81,1060,441734
81,1060,444643
81,1060,75810
81,1060,82590
81,1060,972562
81,1066,730352
81,1066,965314
81,1066,990927
81,107,1527242
81,1108,1586480
81,111,545054
81,1153,1298588
81,1153,254869
81,1162,32892
81,1162,663929
81,1174,1521300
81,1184,40482
81,1184,955999
81,1185,1017952
81,1192,1130407
81,1192,1135217
81,1192,1402399
81,1192,140821
81,1192,1477766
81,1192,174537
81,1192,245669
81,1192,345847
81,1192,485987
81,1192,81586
81,1192,834737
81,1203,589204
81,1203,589849
81,1203,766306
81,1203,859155
81,131,1200002
81,131,439038
81,131,677293
81,131,826061
81,132,1014456
81,132,775860
81,138,1214352
81,138,1322842
81,138,1420145
81,138,359127
81,138,851311
81,153,204543
81,154,111881
81,154,1220506
81,154,1227693
81,154,1327569
81,154,1454008
81,154,1486936
81,154,1533820
81,154,1538649
81,154,260130
81,154,388822
81,154,560124
81,154,89153
81,156,1565681
81,156,469734
81,156,52012
81,167,1133848
81,170,1373931
81,191,1062199
81,191,152363
81,191,231722
81,191,25712
81,191,266995
81,191,604283
81,191,810930
81,193,1152457
81,193,171698
81,206,1582207
81,210,1182256
81,213,1243062
81,232,1039142
81,232,1558215
81,232,906848
81,248,513929
81,249,1305050
81,249,1449988
81,249,1496588
81,249,270293
81,249,728658
81,254,862072
81,255,624912
81,258,400057
81,262,4739
81,271,813419
81,307,718525
81,307,868858
81,31,944022
81,322,313035
81,322,550538
81,322,690091
81,322,784405
81,322,931257
81,334,1081445
81,334,1141791
81,340,412851
81,344,867819
81,357,325491
81,376,1569449
81,39,300707
81,391,1066897
81,391,716374
81,395,1426901
81,397,211829
81,422,1346265
81,425,1017715
81,425,1461090
81,425,500358
81,425,84089
81,425,880697
81,44,775373
81,448,1220607
81,453,983352
81,456,27604
81,49,1065775
81,49,1133041
81,49,1238
81,49,36633
81,49,776862
81,49,893261
81,494,1417279
81,534,156912
81,543,1288092
81,553,1019970
81,553,1103119
81,553,1405596
81,553,179773
81,553,610656
81,587,1142194
81,594,1140406
81,594,1420538
81,594,1443467
81,594,233587
81,594,245539
81,613,603817
81,617,38688
81,617,687635
81,625,1453381
81,626,1012911
81,626,1445963
81,626,1457536
81,627,1084528
81,630,1353547
81,65,593829
81,666,1117164
81,666,1245630
81,666,137701
81,666,1424483
81,666,1542766
81,666,2478
81,666,344296
81,666,357643
81,666,447527
81,666,847382
81,666,869857
81,666,909308
81,666,981095
81,668,1228322
81,680,97292
81,69,1548944
81,715,121140
81,734,1103931
81,734,219214
81,734,350848
81,734,444470
81,734,924574
81,75,666989
81,762,1142596
81,762,405835
81,762,806961
81,763,1321707
81,765,221771
81,766,876680
81,775,1075977
81,775,1562800
81,775,971444
81,8,954800
81,831,545608
81,834,719756
81,847,272824
81,847,339294
81,864,1404714
81,868,1523130
81,87,628718
81,887,1475069
81,887,427978
81,887,559474
81,892,1393220
81,908,1055865
81,908,1351398
81,908,1440727
81,908,755793
81,908,79014
81,913,23141
81,913,353758
81,94,1241381
81,94,1249334
81,94,1369624
81,94,1426976
81,94,1435779
81,94,145168
81,94,1537861
81,94,201574
81,94,253398
81,94,312214
81,94,775031
81,94,854597
81,94,855909
81,94,896170
81,94,968331
81,963,1153091
81,963,124221
81,963,167799
81,963,73317
81,963,767441
81,963,930520
82,1017,162609
82,1043,1004408
82,1043,358557
82,1043,655935
82,1052,1344853
82,1060,1031775
82,1060,1115157
82,1060,1343286
82,1060,1364804
82,1060,1376058
82,1060,1449125
82,1060,1567326
82,1060,364333
82,1060,373966
82,1060,711759
82,1060,82089
82,1060,904367
82,1062,803690
82,1066,1277438
82,1066,566270
82,1066,612899
82,1066,938310
82,1072,365887
82,1098,713863
82,111,1522225
82,1111,1250748
82,1111,1359587
82,1111,303034
82,1132,1462038
82,1136,1096559
82,1153,1198192
82,1153,468466
82,1192,1174891
82,1192,1353428
82,1192,1528169
82,1192,417463
82,1192,553194
82,1192,623264
82,1192,719019
82,1193,1126586
82,1193,162554
82,1203,1119429
82,1203,288268
82,1203,316019
82,1203,338026
82,1203,547049
82,131,675721
82,131,770665
82,132,453206
82,138,1040256
82,138,1272829
82,138,916631
82,156,1357247
82,156,946859
82,191,1122065
82,191,174534
82,193,1047851
82,193,224000
82,232,1190963
82,232,1304805
82,232,318273
82,232,375929
82,232,570887
82,232,761667
82,232,882954
82,234,1534814
82,249,1094257
82,249,1336855
82,249,511844
82,249,919966
82,255,1226179
82,255,1569179
82,258,1088979
82,272,946347
82,280,262291
82,307,177806
82,322,1016577
82,322,176066
82,322,529285
82,343,756948
82,350,1491802
82,37,942644
82,376,608980
82,422,1363588
82,425,1487009
82,425,1572686
82,425,582960
82,425,874622
82,47,1510149
82,49,1276559
82,49,1451
82,49,1508422
82,49,201236
82,49,418283
82,506,3990
82,553,1303788
82,553,1464427
82,553,1507993
82,561,146086
82,562,1262469
82,562,54472
82,594,1166396
82,594,1234878
82,594,161306
82,594,37716
82,594,463641
82,594,465687
82,594,524859
82,594,565035
82,594,826851
82,594,87021
82,617,772149
82,617,77984
82,625,434776
82,626,1001576
82,626,1230793
82,626,1550699
82,637,1118095
82,655,56065
82,661,1483057
82,663,1551191
82,666,1091016
82,666,114685
82,666,1321726
82,666,1356261
82,666,1501729
82,666,152473
82,666,1572710
82,666,172194
82,666,451919
82,666,53826
82,666,595712
82,666,667199
82,666,805528
82,666,957054
82,668,791404
82,707,923081
82,715,1112925
82,733,1075431
82,733,1166486
82,733,837275
82,733,84013
82,734,1538825
82,787,1591369
82,787,348538
82,841,31781
82,842,1275693
82,868,670143
82,868,943234
82,88,1253813
82,883,877395
82,89,860177
82,90,594192
82,908,1081003
82,908,1376349
82,908,464548
82,908,793477
82,909,747512
82,913,549480
82,913,729577
82,917,319327
82,922,969938
82,94,1132188
82,94,1285382
82,94,1338113
82,94,1469020
82,94,1501868
82,94,1564945
82,94,335378
82,94,351532
82,94,440954
82,94,745065
82,94,919198
82,963,1424290
82,991,1219677
83,1042,1297158
83,112,173918
83,154,1250681
83,154,418793
84,1088,345759
84,1130,1273130
84,1130,135770
84,156,843741
84,249,1234241
84,306,517167
84,381,1485824
84,431,697369
84,908,929294
85,1019,1117323
85,1019,121062
85,1019,1312258
85,1019,1333361
85,1059,269709
85,1060,1159629
85,1060,1228966
85,1060,1421972
85,1060,1524878
85,1060,1557281
85,1060,1567040
85,1060,375074
85,1060,468159
85,1060,550621
85,1060,597069
85,1060,835472
85,1066,233648
85,1084,1175429
85,1095,1388735
85,1108,828907
85,1108,870600
85,1129,1443252
85,1152,77514
85,1185,1219976
85,1185,20937
85,1185,586555
85,125,1507226
85,129,677369
85,132,384965
85,132,407973
85,132,678853
85,138,1117700
85,138,1477480
85,175,227020
85,175,476948
85,197,206811
85,200,500414
85,204,933424
85,237,1510375
85,238,344743
85,238,382987
85,238,767827
85,238,872109
85,238,919256
85,241,1002063
85,242,431055
85,249,1228982
85,249,175068
85,249,832135
85,249,96443
85,249,985167
85,254,172545
85,254,93298
85,286,1032323
85,373,911328
85,412,1101737
85,432,212078
85,432,88092
85,44,88901
85,511,759553
85,553,139886
85,553,146109
85,553,270791
85,553,416317
85,553,540855
85,573,319739
85,596,856741
85,617,1220856
85,617,339466
85,617,623174
85,617,722812
85,625,1506519
85,666,1447051
85,666,61868
85,666,647542
85,681,907690
85,682,1064406
85,682,1242348
85,682,161075
85,682,833286
85,715,1044030
85,742,1041977
85,744,1558356
85,751,1066675
85,751,274795
85,751,330876
85,751,465034
85,751,633372
85,751,761637
85,753,149363
85,77,642879
85,77,973486
85,810,852477
85,84,665382
85,848,699210
85,878,801174
85,88,1164493
85,88,86214
85,885,1530540
85,885,297888
85,908,1404628
85,908,146100
85,91,898951
85,914,437481
85,916,1304401
85,917,455805
85,917,738268
85,940,1035622
85,963,1005122
85,963,1430007
85,963,543544
85,963,558219
85,963,8175
85,97,49952
86,1060,435034
86,11,1379988
86,1114,1440747
86,1153,379581
86,1166,961381
86,1173,684788
86,1173,86755
86,1190,178758
86,1192,1482652
86,1203,337666
86,121,49886
86,138,1400815
86,138,1432504
86,138,347478
86,284,1483678
86,308,1570943
86,335,1241095
86,376,102703
86,409,1561177
86,464,615936
86,473,1575545
86,507,1472498
86,594,1124145
86,594,529076
86,66,86911
86,668,277927
86,668,743832
86,715,112886
86,715,1516475
86,735,571996
86,75,1291215
86,751,1395532
86,764,1475710
86,767,488303
86,840,852692
87,1003,1287772
87,1006,388387
87,1043,1271831
87,1043,1316351
87,1043,1406386
87,1043,578844
87,1043,869223
87,1059,702507
87,1060,1030022
87,1060,1181490
87,1060,1273719
87,1060,1300955
87,1060,1558635
87,1060,29045
87,1060,529794
87,1060,548946
87,1060,716671
87,1066,1386609
87,1066,911061
87,1070,470943
87,1114,523545
87,1129,57315
87,1130,1086829
87,1130,317842
87,1130,379387
87,1130,418558
87,1130,441079
87,1130,641081
87,1130,936175
87,1131,688375
87,1145,744911
87,1153,1072910
87,1153,1532374
87,1153,337301
87,1153,723571
87,1153,728138
87,1153,966473
87,1192,886552
87,1203,1111317
87,1221,786850
87,131,1220585
87,131,1564587
87,131,291505
87,132,1176740
87,132,1458073
87,132,392305
87,132,649799
87,138,195219
87,138,939011
87,154,119213
87,154,1417556
87,154,362185
87,156,1061915
87,156,1166833
87,156,1175224
87,156,1227937
87,156,1277954
87,156,1343152
87,156,1416329
87,156,1454580
87,156,234840
87,156,407031
87,156,565298
87,156,874993
87,156,87874
87,156,979349
87,156,987964
87,163,1591659
87,163,613659
87,163,731165
87,170,1167559
87,18,1187510
87,18,390601
87,187,710127
87,191,1268632
87,191,1303198
87,191,1459738
87,191,392858
87,191,507237
87,191,618876
87,191,700751
87,193,589005
87,199,360592
87,231,780473
87,232,1158035
87,232,451845
87,232,697915
87,235,212136
87,242,1459653
87,242,192173
87,242,953129
87,243,636692
87,244,348887
87,249,1183382
87,255,1355341
87,255,1415984
87,255,1500471
87,255,1591266
87,255,22857
87,255,6733
87,255,824559
87,259,1060035
87,269,1385994
87,28,1073401
87,28,1379043
87,28,507452
87,306,119199
87,306,306879
87,306,368967
87,307,745329
87,322,375444
87,322,610725
87,335,64369
87,340,1021761
87,340,1535401
87,356,278000
87,37,1539483
87,373,1289225
87,382,197113
87,389,279982
87,414,1511926
87,414,372609
87,422,1110003
87,422,154710
87,422,837912
87,425,416031
87,44,1080728
87,44,1273834
87,44,1414920
87,44,302940
87,44,823406
87,44,859618
87,44,954736
87,444,169987
87,450,1060140
87,467,1230235
87,467,1499098
87,49,1146844
87,49,1312591
87,49,1354428
87,49,1403869
87,49,1573450
87,49,23107
87,49,311795
87,49,365166
87,49,447839
87,49,772319
87,49,917125
87,49,923227
87,544,1424363
87,553,1536659
87,553,350168
87,553,395779
87,553,5049
87,553,610527
87,57,516002
87,594,53268
87,594,56620
87,617,1553194
87,662,1031
87,666,255990
87,672,1500001
87,689,1484712
87,695,1357412
87,733,18931
87,733,324116
87,733,544013
87,733,633427
87,733,653270
87,733,854797
87,734,1511537
87,734,185326
87,734,870419
87,734,948067
87,795,84761
87,884,338494
87,887,1082294
87,900,453611
87,906,1162371
87,908,1115007
87,908,1237153
87,914,271425
87,923,1338151
87,94,1154856
87,94,1155912
87,94,1218112
87,94,1368754
87,94,1483412
87,94,1578480
87,94,182547
87,94,256640
87,94,55099
87,94,685181
87,944,1419460
87,944,739635
87,963,1027849
87,963,1166825
87,963,1329800
87,963,1347420
87,963,1453734
87,963,1466393
87,963,1527938
87,963,167530
87,963,313319
87,963,58512
87,963,718664
87,963,744355
87,963,756470
87,963,882649
87,963,884014
87,963,901588
87,963,993326
87,97,1519017
87,991,873629
87,994,38814
87,996,435001
88,1047,32287
88,1220,1337646
88,126,1547825
88,29,951870
88,306,1023072
88,464,439464
88,464,480672
88,61,495881
88,637,1234309
88,637,1476537
88,647,408775
88,796,1350133
88,909,1446831
88,996,1080424
89,1066,706257
89,1124,1338034
89,113,1207571
89,113,389671
89,1192,1152274
89,1192,961757
89,1222,1221654
89,132,1136377
89,138,1202306
89,149,914819
89,190,1477853
89,194,718742
89,217,658628
89,226,435369
89,242,1538838
89,242,95622
89,271,1263684
89,271,580966
89,319,343686
89,319,350323
89,334,1340515
89,334,598609
89,464,1225884
89,464,132396
89,464,48280
89,636,903088
89,847,459494
89,847,998522
89,952,1270727
89,952,1498473
89,952,238726
89,952,480172
89,952,755876
89,952,893688
89,956,1470888
89,982,1478713
89,982,169452
89,982,473346
89,982,652974
9,1088,1484560
9,1130,1130511
9,138,1401993
9,286,402927
9,306,842
9,398,1373244
9,464,1012631
9,464,550213
9,464,862022
9,472,920807
9,483,366138
9,517,1519196
9,878,1070724
9,970,268963
90,464,278272
91,1153,854532
92,1059,186558
92,1092,291289
92,1119,1370332
92,1124,1578737
92,1124,25376
92,1192,395025
92,131,364433
92,138,485654
92,154,60648
92,156,1491080
92,249,126932
92,425,1114784
92,496,401847
92,530,1258107
92,530,879416
92,699,1116986
92,728,169986
92,734,708990
92,826,1480563
92,826,1490517
92,826,985794
92,846,763997
92,908,264960
92,952,124961
92,982,185676
93,1050,1007667
93,1050,894462
93,1066,208598
93,1066,233537
93,1105,405444
93,1193,919838
93,1198,1217830
93,1198,1239127
93,1198,1348584
93,1198,70001
93,1198,863864
93,249,1231742
93,249,1306644
93,249,138252
93,255,249147
93,322,1225786
93,397,1032481
93,397,1310406
93,397,3793
93,397,72075
93,397,845734
93,44,479748
93,44,714481
93,594,1043650
93,594,1083707
93,594,1422093
93,594,290199
93,594,459148
93,633,1277406
93,633,1385688
93,633,392909
93,633,495328
93,633,856798
93,633,966576
93,633,969981
93,65,124306
93,65,1397629
93,65,313749
93,65,341201
93,65,674447
93,65,884296
93,65,907512
93,666,718092
93,693,511679
93,695,1242020
93,695,1352930
93,695,223354
93,695,564857
93,695,814975
93,838,1071547
93,908,1468863
93,933,316280
93,94,101622
93,94,1217963
93,94,177835
93,94,417954
93,94,795870
93,94,837515
93,94,952521
93,941,1317628
93,967,1330570
93,967,1464968
93,967,367479
93,967,43782
94,1043,302529
94,1043,32774
94,1060,1187926
94,1060,13282
94,1060,1364110
94,1060,1474549
94,1060,334555
94,1060,353483
94,1060,493644
94,1060,546437
94,1060,649083
94,1060,743416
94,1060,958206
94,1066,1404193
94,1066,1478156
94,1066,1517550
94,1066,603398
94,1066,70435
94,11,267835
94,1119,758598
94,1129,1502419
94,1134,1491042
94,1153,363788
94,1153,648393
94,1162,851322
94,1163,708171
94,1180,1057796
94,1184,1296554
94,1192,139525
94,1192,142234
94,1192,390296
94,1192,840274
94,1193,1238791
94,1193,717175
94,1203,147600
94,1211,1250945
94,131,758881
94,131,771904
94,131,953636
94,132,809823
94,138,1001663
94,138,1398719
94,138,1422635
94,138,1429575
94,138,328690
94,150,1026624
94,156,1246853
94,191,951971
94,193,1051757
94,193,1517766
94,193,499262
94,193,763243
94,193,916543
94,232,255886
94,232,47366
94,249,1074260
94,249,1263406
94,249,1591590
94,249,740957
94,249,766961
94,253,1003645
94,286,1309413
94,322,1397654
94,322,48648
94,352,1104276
94,37,149095
94,376,1546488
94,376,899769
94,413,107027
94,422,1439953
94,425,1143496
94,425,665168
94,482,1169373
94,49,181785
94,49,815627
94,492,380266
94,553,716499
94,563,255721
94,594,1159307
94,594,276738
94,607,1587553
94,607,435312
94,607,879656
94,620,1090074
94,621,612626
94,625,1020521
94,626,615098
94,633,167161
94,641,1454538
94,666,122485
94,666,175192
94,666,383581
94,666,630918
94,666,709085
94,668,403145
94,68,123175
94,70,1335014
94,715,1100916
94,715,556959
94,733,691360
94,751,1360843
94,779,333896
94,78,686476
94,782,156007
94,821,1184407
94,826,1493315
94,834,1516146
94,850,1270726
94,859,333848
94,885,430584
94,887,1382919
94,908,1106945
94,908,1340832
94,908,893150
94,926,1315660
94,94,1164812
94,94,327596
94,94,728809
94,94,895861
94,950,40211
94,952,501147
94,963,1533099
94,963,775133
94,963,786410
94,974,150064
95,1113,611487
95,1122,283096
95,17,48689
95,195,221096
95,242,838821
95,307,1209817
95,307,898158
95,325,697537
95,471,702670
95,539,5709
95,847,59674
95,918,822959
95,996,1509100
95,996,838050
96,1088,373232
96,1088,854574
96,1114,1144819
96,1114,1497768
96,1114,725688
96,1119,1227656
96,1119,447615
96,1130,1162943
96,1130,1384868
96,1130,187068
96,1130,990252
96,1131,568596
96,128,331545
96,138,467237
96,150,199489
96,163,1025226
96,18,650846
96,18,822030
96,18,909380
96,191,856035
96,219,1131633
96,255,609400
96,255,752671
96,282,153233
96,354,833533
96,376,393764
96,531,34288
96,546,732187
96,553,1038090
96,553,260611
96,553,613859
96,594,1480239
96,594,40714
96,594,898694
96,61,1033985
96,675,959689
96,676,1335277
96,715,593275
96,715,966392
96,936,209653
96,944,738321
96,963,1236517
96,983,725901
97,1044,1569697
97,232,72167
97,254,76515
97,594,1512585
97,61,1500558
97,61,369676
97,942,314495
98,1060,1099363
98,1130,719616
98,1153,317027
98,1159,1505464
98,1187,860435
98,1193,562601
98,1193,699712
98,212,561855
98,242,779296
98,254,1180642
98,255,1304445
98,322,538615
98,356,508217
98,388,1212873
98,428,456319
98,444,1265972
98,49,1364005
98,49,430603
98,49,86893
98,501,1480636
98,553,1196177
98,580,1389818
98,65,1111876
98,65,887557
98,658,605207
98,673,1525628
98,789,1444893
98,864,897890
98,918,1220486
98,941,424558
99,1000,15840
99,1019,891446
99,1023,590374
99,1023,911403
99,1026,49065
99,1043,344651
99,1043,755700
99,1055,1333700
99,1055,1477107
99,1055,1543899
99,1055,1566685
99,1055,162874
99,1055,817158
99,1055,91211
99,1060,106404
99,1060,1535844
99,1060,164905
99,1060,345940
99,1060,379271
99,1060,609397
99,1060,688219
99,1066,1162658
99,1066,13211
99,108,1591448
99,11,563937
99,111,102956
99,111,183239
99,111,287162
99,111,355699
99,111,565549
99,111,847046
99,1130,1001388
99,1130,1032693
99,1130,1054050
99,1130,1061748
99,1130,1472025
99,1130,1567811
99,1130,243674
99,1130,612083
99,1130,635192
99,1130,918099
99,1153,1411611
99,1153,237061
99,1166,1495717
99,1192,771857
99,1195,890851
99,1197,413407
99,12,1433409
99,1203,1226305
99,1203,636798
99,128,522265
99,132,1187292
99,132,1521198
99,138,1099150
99,138,801391
99,150,1073952
99,156,1324598
99,159,537671
99,162,949984
99,163,1054285
99,163,1584825
99,163,727891
99,165,351469
99,165,981801
99,174,713922
99,191,1032716
99,193,614877
99,193,692048
99,218,1031705
99,218,282456
99,221,72917
99,221,866552
99,222,1311111
99,222,1318632
99,225,1300889
99,225,323593
99,232,1574090
99,232,242045
99,232,741947
99,238,424311
99,24,1027763
99,24,539318
99,240,131556
99,249,1098175
99,249,1223852
99,249,482890
99,249,860438
99,250,1517895
99,255,103929
99,255,144275
99,255,175352
99,255,202510
99,260,1248172
99,268,1076933
99,269,1143136
99,277,88203
99,284,393976
99,298,1340479
99,298,430068
99,298,532430
99,298,813515
99,298,893034
99,298,982983
99,307,1172645
99,307,1333467
99,307,1455340
99,307,1523312
99,307,165213
99,307,245586
99,307,308478
99,307,357286
99,307,522161
99,307,531165
99,307,543584
99,307,723491
99,307,822604
99,307,981379
99,315,470559
99,322,1363275
99,322,426973
99,322,881968
99,337,1290915
99,342,688300
99,35,942225
99,376,103132
99,376,1149833
99,376,188072
99,376,654326
99,376,850832
99,397,1517713
99,4,1000785
99,404,1019612
99,407,644436
99,414,1086379
99,414,1256450
99,414,1355816
99,414,518866
99,422,1190834
99,422,1424320
99,422,17106
99,422,560230
99,422,670620
99,422,731416
99,422,79944
99,425,1155802
99,425,773216
99,49,1094477
99,49,1115374
99,49,1152133
99,49,1156664
99,49,1286407
99,49,1331065
99,49,1350081
99,49,1418347
99,49,18251
99,49,477695
99,49,483233
99,49,550851
99,49,670797
99,49,812056
99,49,942261
99,495,670838
99,512,913476
99,518,1346046
99,526,311225
99,566,1347342
99,566,226266
99,566,388301
99,576,749752
99,593,1225594
99,594,1173483
99,594,1192614
99,594,1242030
99,594,1316231
99,594,1342555
99,594,1447915
99,594,1505007
99,594,1526597
99,594,1578468
99,594,29615
99,594,594975
99,594,597524
99,594,632825
99,594,837002
99,594,848648
99,594,988718
99,611,440012
99,617,1344428
99,617,347768
99,617,863301
99,625,193224
99,626,74624
99,626,798753
99,633,1057666
99,633,1308786
99,633,229315
99,633,378658
99,633,482791
99,639,194588
99,643,1023509
99,648,1185627
99,650,674271
99,660,1314935
99,666,1518741
99,666,167426
99,689,1222769
99,695,315946
99,700,1201237
99,705,1028479
99,712,913085
99,715,1406112
99,715,1551430
99,715,776288
99,733,843847
99,733,869111
99,734,1473094
99,734,700095
99,734,80417
99,737,899191
99,748,849321
99,754,1544931
99,769,246970
99,778,1345791
99,8,379816
99,8,726827
99,80,1487734
99,80,426261
99,81,767411
99,834,1184062
99,834,399933
99,834,663143
99,835,1240173
99,835,1347840
99,835,312276
99,835,672119
99,835,864964
99,838,1516962
99,852,1095774
99,852,1192974
99,852,883861
99,86,397476
99,908,1066346
99,908,605328
99,908,631068
99,91,327506
99,925,801684
99,927,10010
99,93,198786
99,94,1433581
99,94,75074
99,94,786107
99,94,991328
99,944,766952
99,963,1236190
99,963,530825
99,979,627777
99,980,1319054
99,980,517276
99,986,1533961
