route_long_name,route_short_name,agency_id,route_type,route_id
,1,18,2,1027
,10,119,2,329
,10T,19,2,769
,12N,11,2,137
,12N,119,2,1052
,12N,37,2,805
,12N,84,2,957
,14a,64,2,587
,14b,64,2,1017
,180,62,2,654
,181,62,2,434
,182,62,2,915
,183,62,2,29
,188,62,2,37
,2,37,2,55
,20,123,2,709
,20N,11,2,620
,20N,37,2,453
,22,18,2,621
,227,62,2,746
,23,18,2,213
,232,62,2,190
,234,62,2,493
,27,119,2,848
,27N,11,2,903
,27N,37,2,262
,27N,42,2,1000
,27N,46,2,324
,290,133,2,280
,3,37,2,904
,301,18,2,608
,302,18,2,967
,303,18,2,296
,32,119,2,494
,338,73,2,236
,418,19,2,270
,435,19,2,22
,43N,11,2,149
,43N,37,2,679
,447T,19,2,982
,464,19,2,497
,48,18,2,297
,50,37,2,887
,51,37,2,893
,555,107,2,545
,586,107,2,367
,604,73,2,844
,610,107,2,958
,611,19,2,782
,612,19,2,429
,62,119,2,571
,62N,37,2,488
,62N,40,2,972
,62N,42,2,292
,640,107,2,783
,642,107,2,123
,644,107,2,968
,646,107,2,752
,651,73,2,550
,652,73,2,962
,654,73,2,38
,657,73,2,5
,670,73,2,197
,671,73,2,325
,688,73,2,298
,75,39,2,639
,75,65,2,373
,800,48,2,908
,801,48,2,1049
,802,48,2,821
,804,48,2,529
,812,48,2,757
,813,48,2,485
,814Ast,19,2,468
,82,119,2,1032
,82,13,2,1018
,83,119,2,659
,83,13,2,299
,830,48,2,698
,831,48,2,622
,832,48,2,988
,833,48,2,905
,834,48,2,473
,835,48,2,882
,836,48,2,1019
,837,48,2,451
,838,48,2,210
,839,48,2,334
,84,119,2,1007
,84,13,2,597
,841,48,2,840
,842,48,2,504
,843,48,2,362
,845,48,2,1013
,846,48,2,406
,847,48,2,474
,848,48,2,770
,850,48,2,628
,851,48,2,747
,857,48,2,50
,89,119,2,724
,8X,108,2,623
,90,119,2,989
,90,32,2,674
,90N,37,2,271
,912ST,19,2,733
,913,5,2,977
,91N,37,2,23
,923,5,2,498
,925,5,2,176
,926,76,2,816
,927,76,2,16
,931,5,2,460
,932,76,2,1045
,934,76,2,301
,937,76,2,546
,945,76,2,565
,948,76,2,439
,949,76,2,530
,951,76,2,59
,955,76,2,425
,967,76,2,863
,976,5,2,374
,A1,51,2,399
,A2,51,2,263
,A3,51,2,930
,AIR,7,2,740
,ALF25,32,2,146
,ALF26,32,2,978
,ALF4,32,2,179
,ALF5,32,2,185
,ALF58,32,2,584
,ALF64,32,2,350
,ALF66,32,2,894
,ALF67,32,2,228
,ALF70,32,2,180
,AST,18,2,430
,AST,19,2,177
,AST 16,18,2,386
,AST1,19,2,1028
,AST2,19,2,715
,AST3,19,2,909
,AST4,19,2,161
,C11,126,2,272
,C13,126,2,110
,C14,126,2,375
,C15,126,2,120
,CD 030,30,2,229
,CD 034,30,2,83
,CD 035,30,2,96
,CD 036,30,2,1012
,CD 037,30,2,811
,CD 038,30,2,115
,CD 040,30,2,669
,CD 041,30,2,330
,CD 042,30,2,407
,CD 044,30,2,725
,CD 064,30,2,1037
,CD 070,30,2,101
,CD 076,30,2,588
,CD 080,30,2,734
,CD 081,30,2,1001
,CD 083,30,2,859
,CD 084,30,2,841
,CD 085,30,2,1040
,CD 086,30,2,633
,CD 087,30,2,979
,DPF,109,2,170
,DPF,130,2,281
,DPF,85,2,602
,DPN,102,2,518
,DPN,106,2,378
,DPN,110,2,315
,DPN,113,2,64
,DPN,115,2,358
,DPN,117,2,10
,DPN,126,2,677
,DPN,127,2,1046
,DPN,55,2,710
,DPN,68,2,687
,DPN,77,2,954
,DPN,8,2,121
,DPN,87,2,552
,DPN,95,2,408
,DWE,67,2,1029
,ECM,119,2,400
,ECM,49,2,214
,ECM,65,2,60
,EX,128,2,945
,FE,6,2,666
,FEX,15,2,969
,FEX,25,2,699
,FLX10,45,2,411
,FLX20,45,2,178
,FLX30,45,2,940
,FLX35,45,2,250
,HBX,92,2,719
,HSB,23,2,831
,INT,33,2,97
,INT,37,2,198
,IR,65,2,65
,IRE,15,2,729
,KJ1,1,2,688
,L7,21,2,898
,Linie A,30,2,822
,Linie B,30,2,973
,Lößnitzgrundbahn,41,2,257
,MEX12,81,2,645
,MEX13,112,2,230
,MEX16,112,2,995
,MEX17a,81,2,129
,MEX17c,81,2,24
,MEX18,81,2,401
,N14,39,2,287
,N65,39,2,773
,N71,39,2,237
,N72,39,2,307
,N90,18,2,714
,NJ,37,2,776
,NJ,65,2,585
,OE46,30,2,475
,Os,84,2,519
,PE,44,2,692
,R,33,2,667
,R,37,2,394
,R933,76,2,316
,RB,37,2,84
,RB1,14,2,946
,RB10,118,2,302
,RB10,15,2,594
,RB10a,81,2,753
,RB11,111,2,419
,RB11,64,2,616
,RB11,66,2,629
,RB110,116,2,572
,RB113,47,2,609
,RB12,111,2,920
,RB12,113,2,579
,RB12,38,2,941
,RB12,66,2,326
,RB12,74,2,409
,RB13,122,2,737
,RB13,16,2,931
,RB13,59,2,402
,RB14,15,2,720
,RB14,16,2,75
,RB14,59,2,56
,RB15,16,2,30
,RB15,38,2,420
,RB15,74,2,524
,RB15,80,2,238
,RB16,111,2,787
,RB16,38,2,511
,RB16,74,2,319
,RB16,79,2,6
,RB17,16,2,260
,RB17,80,2,640
,RB17a,81,2,456
,RB17c,81,2,556
,RB18,16,2,812
,RB18,80,2,777
,RB18,81,2,634
,RB19,16,2,351
,RB2,14,2,758
,RB2,47,2,566
,RB20,105,2,261
,RB20,15,2,560
,RB20,52,2,743
,RB21,101,2,683
,RB21,111,2,162
,RB21,122,2,376
,RB21,15,2,617
,RB21,4,2,431
,RB22,105,2,573
,RB22,122,2,155
,RB22,15,2,308
,RB22,54,2,415
,RB22,80,2,766
,RB23,100,2,309
,RB23,122,2,317
,RB23,15,2,69
,RB23,24,2,152
,RB23,66,2,505
,RB24,105,2,580
,RB24,15,2,832
,RB24,66,2,761
,RB24,80,2,435
,RB25,105,2,312
,RB25,111,2,739
,RB25,113,2,163
,RB25,52,2,251
,RB25,66,2,199
,RB26,113,2,784
,RB26,122,2,730
,RB26,27,2,242
,RB26,53,2,25
,RB26,64,2,495
,RB26,80,2,219
,RB27,105,2,98
,RB27,113,2,335
,RB27,122,2,845
,RB27,14,2,833
,RB27,24,2,899
,RB27,64,2,457
,RB27,84,2,813
,RB28,101,2,704
,RB28,122,2,806
,RB28,13,2,1056
,RB28,24,2,581
,RB28,64,2,589
,RB28,66,2,754
,RB29,24,2,817
,RB29,4,2,171
,RB3,131,2,70
,RB30,105,2,469
,RB30,111,2,635
,RB30,116,2,947
,RB30,64,2,387
,RB31,111,2,320
,RB31,128,2,239
,RB31,131,2,172
,RB31,64,2,51
,RB31,66,2,726
,RB31,72,2,922
,RB31,86,2,646
,RB32,105,2,670
,RB32,122,2,993
,RB32,15,2,671
,RB32,26,2,603
,RB32,58,2,66
,RB33,105,2,191
,RB33,111,2,282
,RB33,128,2,963
,RB33,16,2,795
,RB33,47,2,854
,RB33,79,2,595
,RB33,88,2,703
,RB34,120,2,377
,RB34,128,2,222
,RB34,54,2,932
,RB34,79,2,1050
,RB34,80,2,842
,RB35,100,2,39
,RB35,113,2,159
,RB35,120,2,660
,RB35,128,2,273
,RB35,92,2,441
,RB35,94,2,446
,RB36,113,2,834
,RB36,92,2,636
,RB36,94,2,489
,RB37,125,2,625
,RB37,126,2,130
,RB37,135,2,490
,RB37,16,2,610
,RB37,4,2,465
,RB37,64,2,959
,RB37,8,2,85
,RB37,94,2,313
,RB38,100,2,942
,RB38,105,2,705
,RB38,121,2,122
,RB38,135,2,788
,RB38,94,2,142
,RB39,105,2,166
,RB39,120,2,143
,RB39,121,2,359
,RB4,121,2,582
,RB4,14,2,1053
,RB40,105,2,274
,RB40,108,2,447
,RB40,122,2,684
,RB40,4,2,491
,RB40,47,2,561
,RB40,58,2,452
,RB41,4,2,276
,RB41,54,2,716
,RB41,58,2,432
,RB41,72,2,1014
,RB41,82,2,388
,RB41,92,2,1008
,RB42,131,2,814
,RB42,26,2,300
,RB42,58,2,368
,RB42,89,2,218
,RB42a,89,2,73
,RB43,105,2,1054
,RB43,26,2,223
,RB43,66,2,583
,RB43,82,2,576
,RB43,89,2,200
,RB43,92,2,391
,RB43a,89,2,864
,RB44,108,2,103
,RB44,128,2,61
,RB44,54,2,42
,RB44,58,2,785
,RB44,82,2,574
,RB44,92,2,960
,RB45,100,2,346
,RB45,108,2,711
,RB45,116,2,86
,RB45,4,2,663
,RB45,58,2,655
,RB46,100,2,363
,RB46,108,2,836
,RB46,120,2,855
,RB46,16,2,201
,RB46,4,2,454
,RB46,58,2,252
,RB46,6,2,57
,RB46,82,2,181
,RB47,26,2,283
,RB47,4,2,575
,RB47,58,2,706
,RB47,6,2,856
,RB47,92,2,1009
,RB48,108,2,470
,RB48,34,2,906
,RB48,4,2,846
,RB48,54,2,990
,RB48,58,2,748
,RB48,82,2,1057
,RB49,4,2,983
,RB49,58,2,860
,RB49,66,2,916
,RB5,14,2,1020
,RB5,91,2,194
,RB50,122,2,1033
,RB50,92,2,717
,RB50,93,2,195
,RB51,105,2,630
,RB51,16,2,436
,RB51,47,2,1041
,RB51,53,2,604
,RB51,54,2,371
,RB51,80,2,288
,RB52,105,2,877
,RB52,4,2,186
,RB52,47,2,857
,RB52,53,2,360
,RB52,58,2,680
,RB53,105,2,267
,RB53,111,2,211
,RB53,128,2,970
,RB53,131,2,823
,RB53,36,2,153
,RB53,47,2,240
,RB53,53,2,762
,RB53,64,2,796
,RB54,105,2,156
,RB54,113,2,624
,RB54,53,2,883
,RB54,97,2,314
,RB55,131,2,76
,RB55,53,2,626
,RB55,66,2,553
,RB55,71,2,1022
,RB56,129,2,124
,RB56,22,2,167
,RB56,47,2,512
,RB56,71,2,157
,RB57,52,2,681
,RB57,71,2,948
,RB58,4,2,1010
,RB58,78,2,458
,RB58,97,2,837
,RB59,52,2,144
,RB59,58,2,88
,RB59,78,2,689
,RB59,93,2,605
,RB6,111,2,763
,RB6,131,2,650
,RB6,37,2,476
,RB6,91,2,352
,RB60,111,2,774
,RB60,113,2,1034
,RB60,21,2,389
,RB60,70,2,31
,RB61,111,2,99
,RB61,113,2,41
,RB61,120,2,984
,RB61,21,2,216
,RB61,54,2,40
,RB61,6,2,598
,RB61,70,2,215
,RB61,93,2,1038
,RB61,98,2,685
,RB62,100,2,567
,RB62,108,2,791
,RB62,111,2,933
,RB62,113,2,865
,RB63,100,2,577
,RB63,105,2,775
,RB63,111,2,34
,RB63,113,2,233
,RB63,131,2,943
,RB63,98,2,448
,RB64,105,2,991
,RB64,16,2,949
,RB64,53,2,858
,RB64,64,2,951
,RB64,9,2,354
,RB64,98,2,651
,RB65,111,2,440
,RB65,128,2,910
,RB65,16,2,641
,RB65,53,2,996
,RB65,6,2,767
,RB65,60,2,868
,RB65,93,2,217
,RB66,111,2,807
,RB66,120,2,104
,RB66,53,2,108
,RB66,60,2,150
,RB66,89,2,323
,RB66,93,2,961
,RB67,53,2,539
,RB67,54,2,525
,RB67,59,2,917
,RB67,93,2,1042
,RB68,53,2,543
,RB68,54,2,77
,RB68,59,2,878
,RB68,64,2,526
,RB68,89,2,111
,RB68a,89,2,289
,RB69,100,2,339
,RB69,59,2,379
,RB69,93,2,531
,RB70,100,2,357
,RB71,100,2,290
,RB71,128,2,661
,RB71,47,2,815
,RB71,93,2,923
,RB71,98,2,764
,RB72,128,2,924
,RB72,47,2,291
,RB72,93,2,87
,RB73,100,2,547
,RB73,111,2,506
,RB73,128,2,355
,RB73,79,2,196
,RB73,93,2,513
,RB73,98,2,534
,RB74,111,2,207
,RB74,128,2,879
,RB74,131,2,895
,RB74,78,2,258
,RB74,79,2,852
,RB74,98,2,477
,RB75,4,2,744
,RB75,78,2,202
,RB75,98,2,980
,RB76,122,2,981
,RB76,128,2,182
,RB76,26,2,1
,RB77,100,2,35
,RB77,135,2,718
,RB77,59,2,499
,RB77,92,2,410
,RB78,111,2,20
,RB79,111,2,369
,RB79,135,2,89
,RB79,53,2,992
,RB8,124,2,364
,RB80,108,2,974
,RB80,111,2,310
,RB80,75,2,900
,RB80,90,2,341
,RB81,100,2,208
,RB81,108,2,839
,RB81,111,2,2
,RB81,120,2,578
,RB81,75,2,138
,RB82,100,2,426
,RB82,108,2,891
,RB82,111,2,696
,RB82,120,2,843
,RB82,98,2,869
,RB83,10,2,835
,RB83,100,2,818
,RB83,129,2,3
,RB83,35,2,134
,RB83,59,2,478
,RB83,63,2,786
,RB83,91,2,727
,RB84,100,2,318
,RB84,129,2,321
,RB84,26,2,11
,RB84,78,2,356
,RB85,108,2,866
,RB85,111,2,540
,RB85,78,2,311
,RB85,8,2,421
,RB86,108,2,52
,RB86,120,2,934
,RB86,90,2,32
,RB87,100,2,532
,RB87,129,2,105
,RB87,35,2,259
,RB87,90,2,890
,RB87,91,2,480
,RB88,129,2,884
,RB89,90,2,611
,RB89,93,2,125
,RB9,90,2,442
,RB90,4,2,950
,RB91,111,2,568
,RB91,120,2,533
,RB91,15,2,971
,RB91,4,2,591
,RB91,50,2,700
,RB91,64,2,139
,RB92,126,2,701
,RB92,4,2,792
,RB92,64,2,590
,RB92,90,2,361
,RB93,131,2,789
,RB93,15,2,305
,RB93,4,2,652
,RB93,64,2,427
,RB94,111,2,741
,RB94,121,2,481
,RB95,4,2,340
,RB95,75,2,220
,RB95,80,2,1047
,RB96,4,2,662
,RB96,80,2,520
,RB97,121,2,507
,RB97,132,2,549
,RB97,80,2,548
,RB98,80,2,755
,RB99,80,2,80
,RE,104,2,728
,RE,105,2,808
,RE,119,2,187
,RE,35,2,562
,RE,37,2,1015
,RE,39,2,492
,RE,64,2,618
,RE1,10,2,45
,RE1,108,2,433
,RE1,111,2,43
,RE1,124,2,390
,RE1,126,2,731
,RE1,134,2,870
,RE1,16,2,1059
,RE1,34,2,592
,RE1,47,2,145
,RE1,66,2,759
,RE10,111,2,738
,RE10,16,2,482
,RE10,26,2,183
,RE10,66,2,243
,RE10,86,2,131
,RE10,92,2,7
,RE10a,81,2,1039
,RE10b,81,2,1002
,RE11,10,2,116
,RE11,34,2,1035
,RE11,35,2,613
,RE11,66,2,284
,RE11,92,2,721
,RE12,103,2,911
,RE12,105,2,508
,RE13,103,2,825
,RE13,128,2,521
,RE13,47,2,26
,RE13,66,2,253
,RE13,93,2,44
,RE14,10,2,892
,RE14,111,2,13
,RE14,47,2,173
,RE14,86,2,690
,RE15,11,2,471
,RE15,128,2,285
,RE15,52,2,443
,RE15,53,2,1003
,RE15,56,2,921
,RE15,66,2,918
,RE16,100,2,760
,RE16,111,2,21
,RE16,120,2,279
,RE16,13,2,264
,RE16,52,2,664
,RE17,105,2,466
,RE17,11,2,693
,RE17,111,2,231
,RE17,128,2,322
,RE17,53,2,742
,RE18,100,2,168
,RE18,105,2,33
,RE18,66,2,502
,RE18,78,2,606
,RE18,80,2,925
,RE18,81,2,1004
,RE19,100,2,778
,RE19,111,2,631
,RE19,120,2,647
,RE19,47,2,444
,RE190,125,2,67
,RE2,10,2,422
,RE2,100,2,71
,RE2,105,2,712
,RE2,111,2,871
,RE2,128,2,828
,RE2,134,2,800
,RE2,15,2,403
,RE2,21,2,140
,RE2,27,2,952
,RE2,47,2,100
,RE2,64,2,944
,RE2,72,2,459
,RE20,111,2,901
,RE20,47,2,523
,RE20,54,2,164
,RE200,64,2,522
,RE21,103,2,849
,RE21,11,2,1016
,RE21,92,2,642
,RE22,105,2,912
,RE22,111,2,112
,RE22,99,2,779
,RE23,28,2,1051
,RE24,4,2,461
,RE24,92,2,117
,RE25,100,2,392
,RE25,28,2,147
,RE25,84,2,58
,RE26,64,2,1030
,RE27,11,2,985
,RE28,11,2,192
,RE28,111,2,1023
,RE29,111,2,365
,RE3,111,2,975
,RE3,116,2,554
,RE3,125,2,277
,RE3,128,2,861
,RE3,131,2,558
,RE3,2,2,135
,RE3,47,2,749
,RE3,64,2,46
,RE3,66,2,109
,RE3,72,2,927
,RE3,93,2,254
,RE30,111,2,569
,RE30,47,2,62
,RE30,54,2,735
,RE30,64,2,986
,RE30,96,2,132
,RE31,111,2,801
,RE31,64,2,919
,RE31,92,2,1011
,RE32,111,2,483
,RE33,111,2,347
,RE34,105,2,17
,RE34,11,2,462
,RE34,120,2,118
,RE34,4,2,1031
,RE35,11,2,643
,RE35,111,2,90
,RE36,100,2,193
,RE38,111,2,872
,RE39,121,2,516
,RE4,10,2,366
,RE4,128,2,964
,RE4,34,2,765
,RE4,58,2,648
,RE4,64,2,1006
,RE4,66,2,771
,RE4,72,2,405
,RE4,89,2,847
,RE4,92,2,672
,RE40,111,2,880
,RE40,54,2,247
,RE41,105,2,797
,RE41,111,2,1036
,RE42,105,2,768
,RE42,89,2,928
,RE43,111,2,336
,RE45,12,2,599
,RE45,54,2,265
,RE47,111,2,881
,RE49,105,2,343
,RE5,100,2,1048
,RE5,131,2,63
,RE5,15,2,656
,RE5,2,2,348
,RE5,34,2,907
,RE5,54,2,158
,RE5,66,2,722
,RE5,91,2,294
,RE5,97,2,224
,RE50,12,2,266
,RE50,131,2,600
,RE50,47,2,303
,RE50,54,2,455
,RE50,66,2,913
,RE50,96,2,614
,RE50,99,2,1058
,RE51,11,2,102
,RE51,66,2,383
,RE54,111,2,850
,RE55,111,2,544
,RE55,131,2,500
,RE55,47,2,463
,RE55,53,2,867
,RE56,11,2,380
,RE56,47,2,203
,RE57,105,2,151
,RE57,47,2,12
,RE59,4,2,665
,RE6,108,2,423
,RE6,116,2,966
,RE6,131,2,92
,RE6,34,2,244
,RE6,53,2,133
,RE6,66,2,14
,RE6,81,2,541
,RE6,92,2,668
,RE6,98,2,204
,RE60,108,2,484
,RE60,111,2,81
,RE60,54,2,445
,RE60,56,2,713
,RE61,111,2,188
,RE62,108,2,27
,RE62,111,2,819
,RE65,60,2,327
,RE66,89,2,337
,RE7,108,2,8
,RE7,111,2,1024
,RE7,125,2,126
,RE7,15,2,780
,RE7,34,2,535
,RE7,47,2,987
,RE7,64,2,586
,RE7,66,2,1025
,RE70,108,2,619
,RE70,111,2,745
,RE70,54,2,756
,RE70,56,2,873
,RE71,111,2,384
,RE71,81,2,395
,RE72,57,2,798
,RE72,98,2,396
,RE73,111,2,691
,RE73,54,2,914
,RE74,98,2,536
,RE75,111,2,278
,RE75,39,2,91
,RE76,111,2,1021
,RE78,93,2,627
,RE79,111,2,385
,RE8,105,2,551
,RE8,108,2,601
,RE8,124,2,888
,RE8,16,2,682
,RE8,52,2,937
,RE80,108,2,809
,RE80,120,2,234
,RE80,129,2,527
,RE80,57,2,790
,RE82,105,2,657
,RE82,93,2,248
,RE83,26,2,874
,RE85,120,2,479
,RE86,108,2,169
,RE87,11,2,127
,RE87,129,2,501
,RE87,57,2,9
,RE89,57,2,537
,RE9,100,2,615
,RE9,105,2,249
,RE9,108,2,697
,RE9,16,2,189
,RE9,4,2,862
,RE9,52,2,449
,RE9,57,2,824
,RE90,124,2,1026
,RE92,57,2,372
,RE96,57,2,255
,RE97,121,2,338
,RE98,4,2,976
,RE99,4,2,1043
,REX,37,2,926
,RJB,119,2,93
,RJX,37,2,486
,RJX,42,2,929
,RS1,78,2,232
,RS1,89,2,496
,RS11,89,2,393
,RS12,89,2,517
,RS2,131,2,467
,RS2,78,2,464
,RS2,89,2,74
,RS21,131,2,557
,RS3,78,2,694
,RS30,78,2,106
,RS4,13,2,160
,RS4,78,2,333
,RS4,89,2,268
,RS6,78,2,612
,RS7,111,2,113
,RS71,111,2,563
,RT1,20,2,304
,RT4,20,2,994
,RT5,20,2,802
,S,104,2,78
,S,37,2,695
,S,39,2,148
,S,65,2,416
,S1,100,2,286
,S1,105,2,649
,S1,111,2,82
,S1,25,2,781
,S1,29,2,47
,S1,43,2,1044
,S1,47,2,889
,S1,54,2,174
,S1,64,2,36
,S1,66,2,938
,S1,83,2,437
,S10,47,2,542
,S10,64,2,175
,S11,105,2,707
,S11,25,2,675
,S11,47,2,184
,S11,64,2,48
,S12,105,2,955
,S12,25,2,538
,S14,39,2,826
,S19,105,2,637
,S2,100,2,732
,S2,105,2,269
,S2,111,2,328
,S2,29,2,72
,S2,43,2,997
,S2,47,2,702
,S2,54,2,644
,S2,64,2,412
,S2,66,2,528
,S2,69,2,1060
,S2,83,2,514
,S2,89,2,708
,S20,111,2,658
,S21,83,2,736
,S23,105,2,344
,S25,29,2,935
,S26,29,2,555
,S28,17,2,306
,S3,100,2,397
,S3,105,2,1061
,S3,111,2,295
,S3,19,2,128
,S3,29,2,141
,S3,36,2,829
,S3,37,2,799
,S3,43,2,19
,S3,47,2,165
,S3,54,2,803
,S3,64,2,331
,S3,66,2,381
,S3,83,2,564
,S3,89,2,751
,S31,25,2,225
,S32,25,2,885
,S33,100,2,450
,S4,100,2,956
,S4,105,2,487
,S4,111,2,226
,S4,25,2,114
,S4,36,2,417
,S4,47,2,515
,S4,54,2,902
,S4,64,2,205
,S4,83,2,570
,S41,25,2,256
,S41,29,2,804
,S41,33,2,686
,S42,25,2,275
,S42,29,2,49
,S44,100,2,998
,S45,29,2,119
,S46,29,2,632
,S47,29,2,875
,S47,47,2,28
,S5,100,2,209
,S5,105,2,936
,S5,110,2,509
,S5,111,2,136
,S5,19,2,886
,S5,25,2,221
,S5,29,2,212
,S5,43,2,404
,S5,47,2,853
,S5,54,2,245
,S5,64,2,510
,S5,83,2,398
,S5,89,2,107
,S51,100,2,939
,S51,25,2,503
,S51,83,2,413
,S52,25,2,596
,S5X,47,2,876
,S6,100,2,793
,S6,105,2,382
,S6,110,2,79
,S6,111,2,4
,S6,25,2,607
,S6,37,2,772
,S6,47,2,838
,S6,54,2,810
,S6,64,2,345
,S6,7,2,750
,S6,83,2,965
,S60,64,2,370
,S61,64,2,332
,S62,110,2,827
,S62,64,2,293
,S7,100,2,999
,S7,111,2,414
,S7,25,2,794
,S7,29,2,68
,S7,31,2,1062
,S7,37,2,673
,S7,39,2,227
,S7,54,2,154
,S7,83,2,472
,S7,86,2,438
,S71,25,2,559
,S75,29,2,94
,S8,100,2,53
,S8,105,2,678
,S8,111,2,820
,S8,25,2,206
,S8,29,2,851
,S8,47,2,15
,S8,54,2,18
,S81,25,2,428
,S85,29,2,638
,S9,100,2,235
,S9,105,2,95
,S9,29,2,349
,S9,47,2,676
,S9,54,2,830
,SWERS3,89,2,1005
,SWERS5,89,2,593
,SWERS51,89,2,353
,T7,114,2,953
,T9,21,2,54
,TER,13,2,897
,TES,113,2,418
,TGD,61,2,896
,THA,61,2,723
,U28,47,2,246
,VBG140,14,2,342
,VBG145,14,2,653
,WIP,3,2,424
,WX,128,2,241
,Weißeritztalbahn,41,2,1055
